
85 169 -192
94 182 -192
96 177 -193
95 168 -190
96 160 -190
83 171 -182
97 163 -188
107 167 -182
88 170 -187
94 177 -196
84 170 -184
89 172 -185
100 172 -189
104 166 -201
92 165 -184
94 170 -189
88 179 -192
91 176 -193
95 172 -185
89 169 -198
93 150 -181
85 180 -175
87 169 -188
92 169 -195
81 172 -189
94 165 -168
101 170 -181
89 159 -179
84 164 -181
95 173 -190
91 174 -184
91 177 -191
91 174 -180
82 177 -183
95 160 -186
95 170 -184
103 167 -187
87 171 -181
91 165 -190
99 179 -177
94 173 -187
107 170 -191
83 162 -202
86 170 -192
78 167 -184
88 167 -184
96 163 -181
92 171 -182
70 156 -191
89 185 -192
96 174 -189
92 172 -174
81 178 -176
89 168 -187
89 174 -179
86 164 -197
99 174 -172
92 169 -194
86 164 -189
96 174 -185
95 174 -186
96 161 -185
90 168 -176
85 163 -201
90 174 -189
95 166 -189
86 165 -191
98 178 -192
85 177 -179
91 170 -191
111 167 -186
87 169 -187
99 177 -180
92 164 -189
97 173 -188
91 162 -192
84 171 -187
90 180 -190
95 175 -182
89 161 -182
96 174 -195
94 179 -184
96 175 -195
99 163 -189
106 167 -184
105 173 -188
99 174 -187
84 172 -180
86 166 -180
92 172 -184
98 172 -189
90 168 -191
90 180 -198
90 169 -179
93 156 -185
84 171 -183
88 154 -187
98 163 -171
86 167 -185
105 160 -176
94 168 -195
95 174 -193
96 169 -184
102 161 -178
101 176 -186
89 169 -181
89 185 -188
97 178 -194
81 165 -190
93 171 -188
86 172 -192
91 158 -173
99 169 -196
88 174 -178
98 174 -177
92 163 -188
89 176 -189
98 170 -182
99 166 -193
97 171 -190
92 165 -182
84 158 -178
88 171 -183
95 173 -189
91 176 -178
84 167 -186
85 167 -184
96 181 -195
81 159 -193
95 167 -184
91 163 -183
95 172 -193
94 164 -182
87 164 -190
90 170 -194
90 172 -184
81 165 -170
93 168 -189
89 175 -179
87 173 -184
88 182 -186
91 171 -181
85 173 -187
89 180 -181
93 156 -189
94 171 -182
93 176 -187
93 165 -197
108 169 -186
90 173 -192
97 168 -190
99 175 -189
92 167 -193
89 165 -183
92 167 -182
103 171 -188
95 164 -193
100 165 -180
90 174 -175
90 184 -177
87 168 -178
93 165 -187
77 168 -186
86 168 -174
93 167 -182
91 170 -177
88 177 -187
82 170 -181
91 169 -190
92 172 -199
91 174 -181
95 169 -179
106 163 -187
92 164 -190
94 165 -177
83 171 -189
91 162 -189
86 174 -197
92 169 -185
103 176 -185
78 169 -193
83 167 -180
92 172 -189
93 177 -182
94 171 -184
97 175 -198
82 165 -177
88 175 -189
113 173 -193
84 168 -179
92 179 -183
85 174 -183
96 176 -175
79 165 -181
94 171 -201
84 168 -180
91 171 -189
94 179 -189
87 171 -187
91 180 -192
98 165 -171
88 170 -188
86 173 -178
95 186 -177
94 167 -191
100 170 -179
96 163 -198
89 171 -181
88 177 -189
79 173 -178
90 170 -180
102 164 -183
88 176 -193
93 175 -198
90 168 -184
100 156 -181
96 169 -185
86 165 -182
92 155 -183
88 177 -183
93 166 -185
97 186 -184
105 162 -188
84 173 -177
88 168 -179
92 171 -184
91 163 -187
96 172 -190
85 168 -186
98 164 -176
96 167 -185
79 167 -188
90 164 -186
84 154 -172
82 171 -190
82 158 -189
93 181 -175
101 165 -197
95 172 -188
100 176 -177
93 165 -186
101 169 -195
83 164 -182
88 177 -185
96 171 -182
89 177 -183
100 170 -189
95 171 -186
97 173 -183
87 173 -193
88 167 -190
89 166 -181
93 162 -173
88 169 -189
90 173 -191
96 166 -183
90 163 -171
95 169 -188
87 173 -194
99 169 -185
79 166 -188
89 170 -192
91 172 -185
83 167 -188
93 168 -194
88 172 -187
86 165 -189
94 161 -184
74 167 -190
86 161 -189
91 177 -181
89 171 -192
80 160 -191
102 168 -202
93 162 -169
98 170 -188
88 175 -193
103 160 -187
90 167 -190
87 175 -192
85 169 -193
94 188 -196
87 161 -203
95 169 -188
77 169 -189
94 166 -184
84 166 -187
87 173 -188
88 176 -200
85 163 -188
81 163 -192
89 178 -195
90 167 -170
87 171 -178
96 177 -175
82 167 -187
95 165 -193
91 169 -185
92 166 -178
86 164 -184
90 180 -177
86 166 -182
94 162 -179
83 164 -190
83 167 -179
87 173 -182
102 172 -183
87 168 -186
102 174 -190
99 171 -185
89 159 -175
72 178 -192
92 176 -186
86 168 -193
89 172 -183
94 178 -195
84 174 -178
87 173 -187
100 153 -191
87 163 -192
86 163 -183
87 177 -188
87 165 -188
91 174 -191
98 164 -188
99 173 -191
93 171 -178
94 169 -182
83 158 -175
100 170 -186
79 166 -189
92 174 -180
82 168 -189
100 175 -181
82 174 -183
89 164 -189
91 167 -190
93 158 -180
89 170 -194
90 158 -182
99 170 -195
97 168 -196
98 176 -183
96 172 -178
85 166 -182
93 170 -188
91 158 -203
86 175 -187
88 177 -184
86 158 -186
88 176 -188
85 181 -188
102 168 -186
81 167 -190
93 174 -182
99 168 -177
88 170 -180
89 162 -182
101 158 -181
92 161 -184
91 175 -178
94 162 -190
97 161 -180
93 182 -189
98 166 -181
85 166 -193
92 172 -185
91 176 -178
100 161 -166
91 181 -193
95 172 -180
86 170 -198
91 166 -182
96 175 -200
80 179 -177
90 169 -197
83 166 -196
100 169 -184
91 168 -182
99 178 -182
96 164 -189
94 165 -184
95 172 -190
91 167 -185
93 178 -179
102 172 -174
98 161 -183
93 175 -188
94 158 -170
89 157 -190
101 164 -185
90 170 -185
87 162 -184
84 172 -181
91 158 -179
90 164 -178
83 170 -188
98 169 -184
100 168 -184
94 178 -187
85 177 -179
92 175 -179
90 167 -193
89 167 -186
97 171 -194
86 165 -180
90 179 -183
87 162 -185
95 170 -188
94 170 -190
94 165 -185
91 174 -190
85 163 -188
98 174 -185
101 162 -180
89 176 -187
101 176 -179
103 171 -188
93 169 -188
96 163 -200
82 163 -192
91 163 -175
95 163 -192
85 178 -186
81 161 -180
74 170 -201
79 170 -183
89 173 -184
94 175 -190
100 159 -182
94 169 -197
98 166 -182
92 167 -174
90 167 -187
89 165 -182
88 170 -188
79 169 -193
95 166 -183
93 168 -179
98 164 -183
84 160 -193
98 176 -182
83 166 -178
96 173 -185
88 162 -194
98 171 -188
100 170 -193
92 170 -193
96 159 -164
95 173 -192
92 171 -181
95 173 -183
81 161 -191
92 167 -198
96 171 -193
84 162 -193
83 172 -185
102 157 -191
88 174 -187
99 175 -185
85 167 -188
93 170 -180
82 168 -192
93 179 -181
89 171 -196
94 168 -179
93 167 -200
99 166 -174
94 173 -181
93 178 -197
88 175 -186
93 180 -186
104 166 -175
91 157 -184
86 171 -185
83 170 -194
75 170 -184
93 176 -181
89 165 -187
96 178 -181
92 164 -192
97 164 -190
94 173 -188
92 176 -183
91 165 -190
94 169 -178
98 162 -184
96 176 -201
80 183 -186
92 172 -192
102 169 -185
97 178 -192
96 168 -186
97 177 -180
103 158 -184
96 166 -181
95 165 -188
99 170 -182
92 161 -186
106 173 -183
99 172 -187
92 175 -189
81 168 -194
85 170 -178
78 171 -179
91 167 -184
90 166 -181
96 160 -198
87 164 -190
86 179 -189
89 166 -193
91 170 -186
85 171 -193
86 175 -185
94 163 -192
102 170 -195
93 178 -185
101 174 -181
95 167 -194
85 176 -193
97 173 -190
97 162 -191
81 162 -192
80 171 -180
100 168 -179
98 157 -189
91 170 -184
102 164 -183
92 166 -186
87 165 -184
88 168 -177
90 184 -193
92 169 -195
92 179 -169
96 176 -190
92 166 -189
96 171 -188
95 173 -196
81 155 -188
90 179 -183
86 167 -186
93 166 -176
89 165 -180
93 178 -198
91 187 -181
89 161 -182
80 169 -196
83 163 -180
101 174 -209
86 178 -186
97 178 -185
94 169 -180
101 166 -179
92 170 -179
79 168 -171
92 168 -184
84 171 -190
93 161 -192
97 164 -190
95 169 -195
87 172 -186
79 163 -184
94 166 -198
103 161 -197
78 168 -172
99 155 -186
85 177 -188
105 162 -192
99 172 -181
88 167 -183
93 180 -186
90 172 -195
91 166 -193
89 169 -178
96 167 -187
94 166 -190
94 156 -197
92 181 -185
91 162 -186
91 166 -176
90 158 -192
90 159 -181
108 167 -185
89 171 -191
105 166 -196
95 159 -190
91 159 -191
106 168 -186
88 167 -180
83 167 -182
92 167 -185
90 162 -191
89 168 -181
99 164 -199
105 173 -182
83 165 -183
98 185 -192
97 170 -196
89 176 -194
104 172 -182
81 161 -191
94 177 -194
90 172 -174
90 168 -175
83 164 -176
89 178 -187
92 185 -191
87 175 -188
98 164 -189
82 172 -184
86 177 -192
84 172 -192
96 164 -186
96 174 -177
108 167 -188
98 161 -184
82 162 -190
102 166 -174
89 169 -196
94 171 -181
84 172 -182
91 165 -190
91 165 -185
90 172 -188
84 168 -186
97 163 -190
90 179 -181
98 172 -182
88 183 -185
93 170 -176
94 172 -189
93 168 -190
94 164 -198
91 173 -184
85 166 -185
83 159 -186
106 183 -192
100 165 -181
84 166 -190
91 179 -177
90 169 -182
101 166 -191
87 175 -194
97 167 -192
91 176 -183
92 170 -183
91 170 -192
79 176 -190
99 171 -196
88 169 -186
93 174 -192
94 173 -191
88 164 -175
90 169 -180
100 172 -184
110 164 -186
94 177 -187
97 170 -193
97 169 -191
85 170 -179
90 162 -177
104 171 -186
95 161 -193
87 173 -189
90 169 -181
87 166 -186
92 160 -183
79 174 -184
94 176 -181
80 175 -189
109 173 -185
102 173 -185
93 171 -178
88 164 -178
89 167 -189
82 168 -194
98 176 -179
82 161 -183
80 177 -188
91 159 -177
85 158 -187
106 162 -171
87 169 -187
86 170 -191
95 165 -185
94 179 -169
97 170 -185
83 176 -187
103 162 -178
93 179 -179
95 165 -195
90 166 -184
91 156 -179
93 158 -184
96 168 -187
101 160 -187
85 169 -185
94 166 -195
95 178 -183
83 168 -190
90 168 -173
88 184 -195
85 165 -187
94 173 -184
84 176 -182
86 152 -184
98 174 -188
88 170 -167
79 184 -179
83 174 -186
91 171 -182
85 174 -183
93 169 -187
92 162 -196
100 175 -181
95 177 -187
102 170 -182
87 181 -174
80 174 -177
91 168 -196
100 176 -180
92 167 -184
94 161 -179
80 176 -193
91 168 -182
88 176 -191
86 164 -181
93 162 -176
98 178 -178
84 158 -170
84 167 -190
90 175 -187
97 165 -183
80 167 -198
86 179 -195
95 168 -178
94 155 -184
79 179 -194
87 170 -187
86 166 -169
86 163 -182
91 174 -174
88 171 -189
93 179 -173
88 168 -187
101 173 -190
93 164 -194
92 167 -175
92 170 -183
82 178 -188
101 169 -181
102 171 -187
83 165 -193
92 168 -201
99 168 -191
99 170 -186
97 169 -189
101 170 -191
92 169 -186
104 167 -183
87 162 -185
92 167 -191
102 173 -197
88 169 -178
93 161 -184
92 168 -195
75 161 -183
91 172 -182
95 187 -180
101 164 -190
97 177 -182
89 175 -189
100 173 -180
91 170 -182
93 162 -181
89 164 -181
95 173 -188
85 167 -180
93 165 -189
85 173 -188
88 177 -189
103 168 -180
91 170 -186
98 166 -175
84 173 -183
96 167 -180
90 172 -178
84 150 -185
81 173 -184
92 171 -187
83 170 -180
103 175 -186
84 169 -181
84 172 -192
91 172 -189
86 168 -183
91 167 -196
81 180 -182
90 163 -194
92 160 -185
93 169 -169
92 174 -190
92 178 -178
92 178 -190
94 171 -192
94 156 -192
93 164 -200
95 174 -187
98 164 -193
100 174 -178
88 152 -180
91 166 -174
92 168 -193
94 166 -186
99 165 -193
85 165 -206
93 171 -179
97 163 -184
95 165 -186
91 181 -184
102 166 -178
81 169 -185
88 176 -189
92 176 -185
91 171 -193
86 169 -185
102 171 -188
89 166 -172
80 178 -193
85 167 -190
102 163 -179
87 168 -194
92 175 -198
90 168 -188
84 171 -182
82 178 -192
85 166 -187
108 162 -198
105 172 -184
92 177 -190
89 179 -181
87 175 -191
82 177 -187
94 167 -185
85 168 -182
95 171 -194
88 161 -195
94 163 -187
88 163 -190
104 162 -183
94 180 -180
97 162 -185
87 184 -180
100 159 -186
94 175 -188
94 168 -188
95 176 -179
103 181 -192
87 162 -196
106 178 -178
79 176 -184
87 176 -187
84 173 -178
99 166 -187
86 178 -182
92 163 -194
82 154 -177
88 170 -194
91 168 -191
85 166 -190
94 172 -190
95 167 -184
81 176 -183
86 167 -199
99 181 -187
97 169 -191
100 174 -179
95 171 -177
88 170 -196
95 165 -184
93 158 -191
90 173 -189
74 170 -176
81 164 -183
99 171 -196
100 168 -183
95 179 -192
82 170 -180
84 162 -189
84 158 -188
83 169 -190
95 169 -178
94 174 -190
76 172 -189
93 167 -180
87 179 -184
96 162 -187
96 161 -193
84 171 -184
96 176 -185
86 179 -183
101 183 -183
90 166 -186
100 162 -196
87 176 -189
88 162 -181
87 165 -201
80 166 -183
96 174 -185
98 171 -188
85 170 -191
88 162 -186
99 172 -180
92 166 -189
90 162 -190
95 163 -190
96 167 -193
89 167 -190
91 166 -179
99 172 -183
90 156 -181
90 177 -192
100 168 -194
94 163 -181
90 177 -190
93 174 -191
93 169 -173
79 169 -186
98 171 -190
93 176 -194
98 174 -194
89 160 -188
88 180 -189
82 169 -189
90 166 -192
100 165 -177
99 166 -185
90 166 -181
82 171 -178
75 163 -185
96 173 -201
87 168 -189
95 176 -188
84 180 -180
89 168 -184
85 160 -193
89 170 -193
106 173 -191
89 167 -193
95 168 -196
86 151 -187
104 179 -186
88 160 -180
88 167 -190
87 174 -182
97 164 -186
92 171 -179
84 166 -174
96 174 -188
83 161 -173
97 164 -184
103 167 -191
95 174 -189
95 172 -188
100 170 -186
94 172 -191
90 168 -187
90 164 -197
96 160 -192
98 177 -181
103 183 -193
90 173 -192
92 173 -185
92 173 -185
92 165 -183
93 174 -196
93 165 -186
75 167 -195
101 175 -182
90 161 -179
94 165 -187
88 162 -194
103 168 -171
93 155 -183
83 166 -194
99 166 -184
90 175 -179
92 154 -193
96 162 -196
87 175 -179
105 172 -191
88 161 -195
93 153 -173
97 174 -187
99 163 -186
96 185 -199
104 162 -181
92 174 -178
91 172 -182
102 172 -187
86 174 -191
90 170 -187
97 173 -191
93 175 -181
86 171 -194
89 169 -188
79 169 -190
85 171 -179
102 180 -191
90 163 -183
94 165 -188
103 165 -198
93 166 -199
99 175 -199
92 179 -191
101 174 -181
98 172 -189
95 164 -186
94 171 -174
87 167 -189
85 172 -199
100 162 -200
96 172 -186
100 168 -189
90 159 -189
94 167 -195
93 167 -201
94 172 -192
96 151 -182
91 160 -188
97 171 -182
90 160 -188
84 175 -192
83 176 -194
100 169 -184
99 180 -193
88 172 -187
93 165 -172
94 171 -170
100 165 -199
93 158 -189
96 165 -186
89 167 -186
99 163 -186
93 180 -204
81 173 -185
94 166 -178
88 170 -186
103 178 -192
86 165 -187
89 172 -180
86 171 -185
94 165 -170
92 166 -185
94 161 -200
82 172 -176
94 166 -187
100 171 -194
96 163 -192
92 161 -188
94 173 -192
86 165 -186
100 161 -182
83 174 -176
86 174 -193
79 176 -185
93 170 -189
94 168 -190
89 170 -191
90 166 -179
93 178 -191
87 174 -186
106 159 -188
101 153 -185
97 179 -178
85 181 -190
78 169 -186
94 163 -184
96 172 -185
115 169 -177
84 171 -192
97 172 -182
88 172 -177
94 173 -184
91 164 -179
91 161 -186
94 172 -183
92 161 -187
86 163 -191
76 162 -183
104 173 -188
96 166 -171
97 171 -188
78 160 -177
107 169 -189
94 171 -187
80 176 -189
89 161 -187
84 173 -183
91 170 -190
89 174 -184
101 159 -179
91 183 -178
97 176 -188
89 169 -180
93 169 -194
93 168 -187
93 158 -189
88 164 -178
92 158 -175
86 160 -181
100 173 -193
101 176 -178
92 169 -179
90 182 -184
96 164 -201
97 165 -186
90 165 -182
86 171 -178
85 183 -180
101 176 -193
91 184 -191
91 166 -176
93 170 -182
106 175 -181
92 158 -189
82 168 -193
91 161 -172
87 167 -181
91 163 -178
104 170 -192
92 167 -187
84 176 -188
99 173 -188
103 160 -188
109 163 -202
87 167 -184
107 172 -174
100 169 -192
93 165 -189
93 167 -182
84 176 -187
85 181 -184
86 171 -187
88 169 -189
97 172 -184
90 171 -187
86 160 -172
94 165 -184
90 164 -181
83 169 -188
87 171 -185
88 177 -198
96 159 -185
83 169 -179
88 173 -206
98 171 -193
98 172 -186
97 164 -187
97 167 -178
90 169 -190
107 180 -193
95 170 -191
74 161 -185
95 168 -187
89 171 -194
96 163 -184
108 170 -186
85 167 -186
84 176 -189
84 167 -187
94 156 -186
83 180 -183
78 159 -180
108 183 -175
94 165 -175
101 166 -172
102 169 -182
91 171 -184
96 169 -191
79 167 -193
94 169 -190
92 166 -185
100 165 -189
101 185 -185
113 164 -200
87 159 -180
103 170 -186
87 172 -180
90 173 -191
94 169 -193
96 179 -193
80 167 -194
91 175 -178
95 170 -193
82 173 -176
84 173 -197
94 174 -183
91 169 -192
95 177 -189
91 160 -184
92 165 -182
81 179 -198
89 164 -185
90 172 -198
96 170 -195
77 179 -187
85 171 -177
99 171 -183
91 171 -185
82 176 -172
103 167 -197
83 164 -182
100 166 -185
84 162 -178
93 169 -183
93 161 -184
89 172 -182
86 182 -194
80 179 -196
90 170 -175
91 170 -195
99 171 -197
91 181 -184
88 174 -177
90 174 -194
89 160 -186
103 164 -189
95 172 -188
84 167 -192
89 166 -184
107 170 -173
80 163 -197
100 177 -182
106 163 -195
89 176 -194
90 162 -187
93 164 -183
89 169 -195
95 165 -177
94 162 -177
92 179 -190
105 171 -192
99 181 -188
91 161 -183
87 177 -188
104 165 -187
78 163 -189
109 171 -181
98 172 -178
96 165 -184
89 158 -182
103 158 -185
85 167 -177
116 167 -194
83 185 -177
97 171 -189
103 172 -171
94 166 -186