
-922 -32768 -2114
-973 -32768 -2117
-996 -32768 -2230
-898 -32768 -2148
-952 -32768 -2095
-937 -32768 -2144
-959 -32768 -2158
-957 -32768 -2105
-941 -32768 -2076
-1006 -32768 -2238
-973 -32768 -2180
-926 -32768 -2083
-902 -32768 -2117
-968 -32768 -2165
-954 -32768 -2132
-950 -32768 -2118
-1008 -32768 -2193
-1027 -32768 -2166
-892 -32768 -2044
-935 -32768 -2130
-938 -32768 -2152
-921 -32768 -2115
-983 -32768 -2104
-941 -32768 -2186
-987 -32768 -2192
-941 -32768 -2082
-887 -32768 -2108
-935 -32768 -2136
-909 -32768 -2099
-925 -32768 -2028
-928 -32768 -2144
-1029 -32768 -2179
-854 -32768 -2109
-909 -32768 -2042
-952 -32768 -2104
-945 -32768 -2218
-900 -32768 -2088
-966 -32768 -2093
-988 -32768 -2209
-881 -32768 -2095
-847 -32768 -2055
-932 -32768 -2098
-949 -32768 -2175
-952 -32768 -2117
-987 -32768 -2083
-976 -32768 -2231
-961 -32768 -2160
-823 -32768 -2110
-856 -32768 -2125
-943 -32768 -2130
-923 -32768 -2107
-972 -32768 -2061
-953 -32768 -2169
-953 -32768 -2147
-841 -32768 -2060
-849 -32768 -2115
-945 -32768 -2125
-980 -32768 -2187
-983 -32768 -2153
-949 -32768 -2184
-971 -32768 -2176
-849 -32768 -2095
-889 -32768 -2081
-921 -32768 -2098
-927 -32768 -2161
-926 -32768 -2065
-958 -32768 -2089
-979 -32768 -2250
-968 -32768 -2174
-886 -32768 -2076
-921 -32768 -2062
-921 -32768 -2144
-893 -32768 -2090
-924 -32768 -2102
-914 -32768 -2194
-973 -32768 -2136
-843 -32768 -2069
-863 -32768 -2054
-891 -32768 -2144
-941 -32768 -2159
-921 -32768 -2099
-896 -32768 -2070
-980 -32768 -2220
-869 -32768 -2110
-799 -32768 -2043
-908 -32768 -2064
-928 -32768 -2144
-905 -32768 -2107
-928 -32768 -2073
-954 -32768 -2193
-934 -32768 -2136
-795 -32768 -2065
-889 -32768 -2111
-906 -32768 -2116
-906 -32768 -2144
-921 -32768 -2083
-925 -32768 -2147
-973 -32768 -2183
-865 -32768 -2130
-860 -32768 -2090
-963 -32768 -2082
-896 -32768 -2101
-865 -32768 -2078
-967 -32768 -2044
-974 -32768 -2185
-926 -32768 -2162
-866 -32768 -2072
-857 -32768 -2129
-942 -32768 -2118
-879 -32768 -2094
-940 -32768 -2078
-941 -32768 -2207
-938 -32768 -2130
-848 -32768 -2092
-862 -32768 -2136
-914 -32768 -2100
-962 -32768 -2223
-921 -32768 -2084
-909 -32768 -2118
-982 -32768 -2221
-858 -32768 -2109
-862 -32768 -2051
-921 -32768 -2072
-898 -32768 -2148
-953 -32768 -2098
-913 -32768 -2076
-957 -32768 -2215
-951 -32768 -2155
-869 -32768 -2086
-932 -32768 -2053
-909 -32768 -2134
-910 -32768 -2096
-922 -32768 -2047
-915 -32768 -2171
-942 -32768 -2155
-900 -32768 -2114
-868 -32768 -2082
-940 -32768 -2090
-917 -32768 -2148
-882 -32768 -2060
-924 -32768 -2040
-960 -32768 -2165
-903 -32768 -2138
-841 -32768 -2077
-850 -32768 -2135
-911 -32768 -2120
-883 -32768 -2104
-856 -32768 -2047
-908 -32768 -2168
-948 -32768 -2152
-832 -32768 -2058
-869 -32768 -2049
-889 -32768 -2075
-922 -32768 -2192
-837 -32768 -2066
-923 -32768 -2057
-942 -32768 -2193
-918 -32768 -2134
-863 -32768 -2025
-883 -32768 -2060
-909 -32768 -2112
-890 -32768 -2107
-917 -32768 -2057
-943 -32768 -2191
-943 -32768 -2112
-838 -32768 -2074
-940 -32768 -2024
-890 -32768 -2117
-936 -32768 -2196
-865 -32768 -2083
-912 -32768 -2121
-1011 -32768 -2188
-877 -32768 -2111
-864 -32768 -2066
-894 -32768 -2094
-902 -32768 -2163
-909 -32768 -2102
-891 -32768 -2105
-953 -32768 -2170
-945 -32768 -2096
-851 -32768 -2046
-878 -32768 -2051
-879 -32768 -2119
-931 -32768 -2156
-890 -32768 -2077
-911 -32768 -2077
-935 -32768 -2158
-845 -32768 -2099
-871 -32768 -2022
-881 -32768 -2027
-879 -32768 -2081
-896 -32768 -2096
-909 -32768 -2055
-912 -32768 -2182
-950 -32768 -2132
-867 -32768 -2059
-825 -32768 -2025
-873 -32768 -2065
-922 -32768 -2182
-853 -32768 -2068
-888 -32768 -2024
-934 -32768 -2178
-890 -32768 -2099
-855 -32768 -2014
-876 -32768 -1990
-883 -32768 -2115
-851 -32768 -2068
-874 -32768 -2018
-893 -32768 -2162
-930 -32768 -2122
-842 -32768 -2071
-799 -32768 -2061
-839 -32768 -2048
-853 -32768 -2107
-868 -32768 -2003
-916 -32768 -2004
-929 -32768 -2183
-866 -32768 -2093
-827 -32768 -2037
-864 -32768 -2044
-868 -32768 -2086
-834 -32768 -2025
-867 -32768 -2018
-895 -32768 -2098
-931 -32768 -2104
-841 -32768 -2048
-888 -32768 -1980
-872 -32768 -2025
-865 -32768 -2109
-844 -32768 -2017
-901 -32768 -1992
-893 -32768 -2143
-909 -32768 -2102
-819 -32768 -2058
-804 -32768 -2075
-901 -32768 -2059
-865 -32768 -2099
-852 -32768 -2025
-882 -32768 -2066
-918 -32768 -2147
-865 -32768 -2064
-778 -32768 -2008
-909 -32768 -2033
-906 -32768 -2139
-856 -32768 -2065
-899 -32768 -2009
-895 -32768 -2129
-893 -32768 -2065
-912 -32768 -2033
-882 -32768 -1987
-872 -32768 -2050
-896 -32768 -2119
-829 -32768 -2008
-896 -32768 -1928
-909 -32768 -2123
-886 -32768 -2107
-819 -32768 -2023
-803 -32768 -2056
-877 -32768 -2025
-879 -32768 -2111
-895 -32768 -2009
-868 -32768 -2063
-904 -32768 -2135
-836 -32768 -2057
-764 -32768 -2010
-790 -32768 -2113
-854 -32768 -2021
-827 -32768 -2011
-844 -32768 -2009
-887 -32768 -2074
-934 -32768 -2075
-814 -32768 -2018
-825 -32768 -1941
-852 -32768 -2001
-840 -32768 -2057
-863 -32768 -2029
-849 -32768 -1988
-888 -32768 -2131
-892 -32768 -2047
-827 -32768 -1998
-825 -32768 -1921
-835 -32768 -2027
-837 -32768 -2071
-823 -32768 -1995
-792 -32768 -2064
-902 -32768 -2093
-875 -32768 -2053
-748 -32768 -1995
-832 -32768 -1971
-842 -32768 -2035
-855 -32768 -2131
-807 -32768 -2004
-840 -32768 -2060
-892 -32768 -2112
-853 -32768 -2043
-781 -32768 -1967
-851 -32768 -1987
-823 -32768 -2046
-831 -32768 -2066
-863 -32768 -1976
-850 -32768 -1918
-874 -32768 -2067
-869 -32768 -2053
-788 -32768 -1974
-767 -32768 -2056
-846 -32768 -2015
-819 -32768 -1988
-818 -32768 -1939
-876 -32768 -2039
-877 -32768 -2117
-823 -32768 -2033
-807 -32768 -1959
-798 -32768 -1983
-848 -32768 -1982
-813 -32768 -1977
-817 -32768 -1941
-834 -32768 -2171
-898 -32768 -2108
-829 -32768 -2061
-746 -32768 -1988
-843 -32768 -1977
-852 -32768 -2040
-846 -32768 -2006
-869 -32768 -1973
-857 -32768 -2083
-885 -32768 -2077
-833 -32768 -2002
-784 -32768 -1982
-860 -32768 -1964
-812 -32768 -2044
-811 -32768 -1992
-911 -32768 -1899
-876 -32768 -2108
-894 -32768 -2084
-840 -32768 -2002
-752 -32768 -2047
-823 -32768 -2040
-841 -32768 -2108
-829 -32768 -1991
-858 -32768 -2006
-889 -32768 -2112
-879 -32768 -2099
-795 -32768 -2026
-706 -32768 -2158
-836 -32768 -2058
-856 -32768 -2068
-855 -32768 -2003
-835 -32768 -2060
-874 -32768 -2103
-887 -32768 -2075
-826 -32768 -1967
-876 -32768 -1917
-855 -32768 -2059
-852 -32768 -2032
-838 -32768 -2001
-887 -32768 -2042
-878 -32768 -2134
-835 -32768 -2065
-784 -32768 -2029
-848 -32768 -2059
-840 -32768 -2132
-853 -32768 -2066
-880 -32768 -2017
-925 -32768 -2123
-922 -32768 -2093
-809 -32768 -2034
-885 -32768 -2049
-833 -32768 -2089
-845 -32768 -2124
-852 -32768 -2036
-918 -32768 -1950
-883 -32768 -2137
-896 -32768 -2120
-821 -32768 -2017
-840 -32768 -2006
-874 -32768 -2138
-848 -32768 -2061
-878 -32768 -2016
-871 -32768 -2095
-962 -32768 -2146
-829 -32768 -2093
-757 -32768 -2063
-856 -32768 -2029
-856 -32768 -2101
-854 -32768 -2040
-847 -32768 -2065
-876 -32768 -2149
-913 -32768 -2091
-791 -32768 -2047
-751 -32768 -2084
-866 -32768 -2064
-881 -32768 -2101
-850 -32768 -2040
-867 -32768 -2143
-905 -32768 -2152
-888 -32768 -2097
-840 -32768 -2011
-806 -32768 -2098
-871 -32768 -2097
-834 -32768 -2033
-877 -32768 -1975
-878 -32768 -2101
-893 -32768 -2111
-807 -32768 -2053
-755 -32768 -2029
-880 -32768 -1993
-839 -32768 -2092
-831 -32768 -2049
-828 -32768 -2032
-883 -32768 -2128
-890 -32768 -2082
-773 -32768 -2020
-829 -32768 -1952
-862 -32768 -2036
-812 -32768 -2062
-780 -32768 -1976
-872 -32768 -1944
-894 -32768 -2126
-864 -32768 -2071
-845 -32768 -2019
-806 -32768 -2054
-832 -32768 -2023
-864 -32768 -2087
-842 -32768 -2027
-851 -32768 -1992
-871 -32768 -2117
-869 -32768 -2058
-788 -32768 -1959
-796 -32768 -2051
-830 -32768 -2074
-819 -32768 -2016
-823 -32768 -2007
-874 -32768 -2133
-865 -32768 -2057
-824 -32768 -2030
-855 -32768 -1959
-848 -32768 -2038
-853 -32768 -2093
-769 -32768 -1965
-808 -32768 -1991
-895 -32768 -2148
-879 -32768 -2106
-816 -32768 -2035
-868 -32768 -1975
-830 -32768 -2078
-849 -32768 -2084
-846 -32768 -2002
-837 -32768 -2151
-891 -32768 -2107
-852 -32768 -2072
-813 -32768 -2015
-784 -32768 -2033
-860 -32768 -2030
-806 -32768 -2022
-827 -32768 -1986
-889 -32768 -2000
-896 -32768 -2088
-831 -32768 -2053
-740 -32768 -2069
-840 -32768 -2073
-848 -32768 -2082
-865 -32768 -2046
-744 -32768 -2032
-844 -32768 -2100
-875 -32768 -2099
-804 -32768 -2026
-797 -32768 -2012
-852 -32768 -2032
-847 -32768 -2059
-829 -32768 -2002
-781 -32768 -2041
-887 -32768 -2103
-863 -32768 -2076
-741 -32768 -2009
-760 -32768 -2093
-847 -32768 -2061
-845 -32768 -2133
-799 -32768 -1995
-869 -32768 -1889
-862 -32768 -2095
-841 -32768 -2064
-801 -32768 -2003
-823 -32768 -2049
-861 -32768 -2009
-841 -32768 -2098
-858 -32768 -1997
-837 -32768 -2024
-882 -32768 -2155
-817 -32768 -2054
-792 -32768 -1998
-797 -32768 -2123
-843 -32768 -2052
-819 -32768 -2042
-845 -32768 -2005
-865 -32768 -2035
-876 -32768 -2080
-828 -32768 -2046
-862 -32768 -1974
-833 -32768 -2050
-857 -32768 -2085
-871 -32768 -2061
-846 -32768 -2022
-845 -32768 -2129
-869 -32768 -2025
-843 -32768 -2024
-832 -32768 -1951
-834 -32768 -2045
-796 -32768 -2037
-780 -32768 -1980
-934 -32768 -1878
-877 -32768 -2106
-868 -32768 -2112
-770 -32768 -2010
-855 -32768 -1978
-813 -32768 -2065
-841 -32768 -2056
-845 -32768 -2012
-867 -32768 -1896
-887 -32768 -2135
-843 -32768 -2082
-826 -32768 -1977
-822 -32768 -2002
-833 -32768 -2065
-838 -32768 -2041
-808 -32768 -2018
-831 -32768 -1994
-869 -32768 -2116
-871 -32768 -2069
-770 -32768 -1967
-807 -32768 -1965
-838 -32768 -2106
-801 -32768 -2012
-762 -32768 -1984
-863 -32768 -2071
-868 -32768 -2112
-809 -32768 -2043
-797 -32768 -1997
-816 -32768 -2005
-848 -32768 -2078
-849 -32768 -2031
-810 -32768 -2016
-823 -32768 -2113
-895 -32768 -2093
-862 -32768 -2064
-792 -32768 -1994
-873 -32768 -2029
-834 -32768 -2094
-808 -32768 -2019
-890 -32768 -1905
-873 -32768 -2144
-857 -32768 -2084
-795 -32768 -2053
-772 -32768 -2134
-853 -32768 -2045
-852 -32768 -2099
-817 -32768 -2030
-848 -32768 -2181
-892 -32768 -2125
-911 -32768 -2134
-829 -32768 -2013
-878 -32768 -2038
-841 -32768 -2118
-834 -32768 -2048
-778 -32768 -2042
-889 -32768 -2101
-897 -32768 -2117
-848 -32768 -2119
-775 -32768 -2061
-833 -32768 -2130
-809 -32768 -2182
-839 -32768 -2024
-865 -32768 -2044
-887 -32768 -2161
-881 -32768 -2152
-812 -32768 -2091
-769 -32768 -2137
-852 -32768 -2125
-866 -32768 -2135
-835 -32768 -2070
-818 -32768 -2051
-873 -32768 -2154
-819 -32768 -2093
-814 -32768 -2083
-866 -32768 -2046
-858 -32768 -2138
-869 -32768 -2115
-865 -32768 -2058
-905 -32768 -2172
-852 -32768 -2119
-787 -32768 -2068
-917 -32768 -1960
-845 -32768 -2154
-867 -32768 -2145
-857 -32768 -2054
-863 -32768 -2207
-898 -32768 -2223
-840 -32768 -2139
-807 -32768 -2040
-813 -32768 -2104
-880 -32768 -2183
600 измерений сняты

