
-3971 529 -32768
-4085 523 -32768
-3988 483 -32768
-3914 468 -32768
-4037 522 -32768
-4106 530 -32768
-3938 532 -32768
-3961 535 -32768
-4040 532 -32768
-4083 575 -32768
-3965 489 -32768
-3981 548 -32768
-4095 556 -32768
-4015 504 -32768
-3891 546 -32768
-3970 496 -32768
-4058 494 -32768
-4060 528 -32768
-4025 504 -32768
-4058 584 -32768
-4117 558 -32768
-3903 528 -32768
-3944 543 -32768
-4018 515 -32768
-4091 581 -32768
-3979 483 -32768
-4008 488 -32768
-4138 585 -32768
-3984 527 -32768
-3886 478 -32768
-3999 536 -32768
-4028 511 -32768
-3951 507 -32768
-3979 513 -32768
-4093 563 -32768
-4020 560 -32768
-3856 558 -32768
-3884 515 -32768
-3992 548 -32768
-3942 480 -32768
-3908 512 -32768
-4012 552 -32768
-4048 560 -32768
-3874 537 -32768
-3762 526 -32768
-3902 489 -32768
-3959 524 -32768
-3895 498 -32768
-3891 504 -32768
-4026 561 -32768
-3958 506 -32768
-3775 534 -32768
-3766 489 -32768
-3913 518 -32768
-3927 563 -32768
-3832 496 -32768
-3894 526 -32768
-4002 564 -32768
-3891 531 -32768
-3787 521 -32768
-3801 492 -32768
-3888 520 -32768
-3860 519 -32768
-3758 484 -32768
-3878 564 -32768
-3979 553 -32768
-3816 514 -32768
-3717 531 -32768
-3788 473 -32768
-3878 575 -32768
-3814 520 -32768
-3772 522 -32768
-3856 549 -32768
-3902 506 -32768
-3761 504 -32768
-3764 519 -32768
-3800 485 -32768
-3809 529 -32768
-3751 463 -32768
-3737 498 -32768
-3863 567 -32768
-3860 478 -32768
-3734 539 -32768
-3723 479 -32768
-3805 499 -32768
-3845 520 -32768
-3718 480 -32768
-3738 496 -32768
-3871 546 -32768
-3845 511 -32768
-3690 534 -32768
-3759 530 -32768
-3814 480 -32768
-3884 565 -32768
-3701 471 -32768
-3782 552 -32768
-3881 549 -32768
-3816 541 -32768
-3652 542 -32768
-3699 547 -32768
-3824 463 -32768
-3815 513 -32768
-3714 477 -32768
-3773 534 -32768
-3883 543 -32768
-3777 522 -32768
-3670 509 -32768
-3768 592 -32768
-3842 510 -32768
-3760 452 -32768
-3702 498 -32768
-3721 469 -32768
-3862 517 -32768
-3760 516 -32768
-3644 519 -32768
-3706 482 -32768
-3833 539 -32768
-3769 479 -32768
-3656 483 -32768
-3737 497 -32768
-3834 512 -32768
-3720 524 -32768
-3587 529 -32768
-3707 539 -32768
-3795 471 -32768
-3743 467 -32768
-3661 531 -32768
-3722 514 -32768
-3812 539 -32768
-3666 528 -32768
-3582 497 -32768
-3689 483 -32768
-3765 503 -32768
-3763 494 -32768
-3631 490 -32768
-3710 471 -32768
-3797 517 -32768
-3682 515 -32768
-3597 478 -32768
-3637 445 -32768
-3728 501 -32768
-3733 500 -32768
-3636 480 -32768
-3691 509 -32768
-3796 523 -32768
-3669 518 -32768
-3556 498 -32768
-3643 546 -32768
-3721 521 -32768
-3701 478 -32768
-3645 478 -32768
-3675 452 -32768
-3793 528 -32768
-3694 506 -32768
-3592 505 -32768
-3631 526 -32768
-3724 511 -32768
-3709 489 -32768
-3644 482 -32768
-3663 431 -32768
-3838 595 -32768
-3723 550 -32768
-3567 509 -32768
-3619 534 -32768
-3726 511 -32768
-3704 529 -32768
-3611 506 -32768
-3694 641 -32768
-3820 573 -32768
-3735 536 -32768
-3576 501 -32768
-3579 531 -32768
-3676 473 -32768
-3719 546 -32768
-3600 501 -32768
-3618 414 -32768
-3791 521 -32768
-3768 545 -32768
-3593 558 -32768
-3621 519 -32768
-3736 568 -32768
-3743 565 -32768
-3628 498 -32768
-3641 407 -32768
-3810 573 -32768
-3770 584 -32768
-3599 509 -32768
-3659 530 -32768
-3704 534 -32768
-3714 573 -32768
-3604 513 -32768
-3622 521 -32768
-3746 501 -32768
-3766 515 -32768
-3605 521 -32768
-3572 473 -32768
-3714 537 -32768
-3726 569 -32768
-3588 477 -32768
-3636 550 -32768
-3758 565 -32768
-3745 528 -32768
-3600 528 -32768
-3572 452 -32768
-3693 487 -32768
-3713 475 -32768
-3579 508 -32768
-3621 523 -32768
-3700 556 -32768
-3729 500 -32768
-3595 548 -32768
-3581 522 -32768
-3686 547 -32768
-3712 518 -32768
-3648 555 -32768
-3551 489 -32768
-3662 527 -32768
-3721 541 -32768
-3540 501 -32768
-3537 496 -32768
-3663 513 -32768
-3749 588 -32768
-3650 504 -32768
-3622 496 -32768
-3665 525 -32768
-3721 508 -32768
-3612 547 -32768
-3537 522 -32768
-3685 504 -32768
-3658 447 -32768
-3610 469 -32768
-3599 464 -32768
-3663 581 -32768
-3714 531 -32768
-3560 522 -32768
-3481 520 -32768
-3608 416 -32768
-3700 520 -32768
-3681 516 -32768
-3539 476 -32768
-3677 512 -32768
-3743 543 -32768
-3593 535 -32768
-3537 498 -32768
-3610 485 -32768
-3689 459 -32768
-3650 462 -32768
-3566 509 -32768
-3661 536 -32768
-3743 555 -32768
-3626 500 -32768
-3513 503 -32768
-3562 472 -32768
-3671 444 -32768
-3679 538 -32768
-3604 498 -32768
-3633 472 -32768
-3765 522 -32768
-3653 543 -32768
-3530 495 -32768
-3585 514 -32768
-3705 561 -32768
-3672 534 -32768
-3610 495 -32768
-3662 571 -32768
-3745 526 -32768
-3688 542 -32768
-3534 508 -32768
-3570 547 -32768
-3657 509 -32768
-3679 550 -32768
-3581 497 -32768
-3631 542 -32768
-3756 533 -32768
-3701 574 -32768
-3519 538 -32768
-3564 539 -32768
-3618 506 -32768
-3642 550 -32768
-3552 472 -32768
-3542 526 -32768
-3710 545 -32768
-3692 464 -32768
-3523 522 -32768
-3456 472 -32768
-3574 461 -32768
-3633 470 -32768
-3569 516 -32768
-3519 507 -32768
-3660 542 -32768
-3710 598 -32768
-3532 521 -32768
-3437 535 -32768
-3513 504 -32768
-3622 549 -32768
-3537 442 -32768
-3483 504 -32768
-3540 446 -32768
-3717 599 -32768
-3616 544 -32768
-3468 521 -32768
-3524 560 -32768
-3588 444 -32768
-3609 569 -32768
-3513 508 -32768
-3514 436 -32768
-3710 539 -32768
-3650 488 -32768
-3515 520 -32768
-3452 463 -32768
-3616 545 -32768
-3637 565 -32768
-3528 501 -32768
-3540 516 -32768
-3652 567 -32768
-3707 550 -32768
-3532 509 -32768
-3485 500 -32768
-3611 486 -32768
-3620 446 -32768
-3554 506 -32768
-3501 484 -32768
-3604 500 -32768
-3696 552 -32768
-3579 561 -32768
-3515 503 -32768
-3573 395 -32768
-3655 536 -32768
-3570 505 -32768
-3544 513 -32768
-3576 584 -32768
-3671 540 -32768
-3539 480 -32768
-3445 505 -32768
-3615 550 -32768
-3671 570 -32768
-3580 468 -32768
-3460 505 -32768
-3573 487 -32768
-3704 539 -32768
-3606 507 -32768
-3509 537 -32768
-3541 524 -32768
-3637 501 -32768
-3650 532 -32768
-3529 491 -32768
-3534 476 -32768
-3660 512 -32768
-3628 466 -32768
-3477 544 -32768
-3480 444 -32768
-3600 447 -32768
-3619 431 -32768
-3531 512 -32768
-3520 513 -32768
-3622 494 -32768
-3674 550 -32768
-3510 543 -32768
-3502 507 -32768
-3576 562 -32768
-3654 527 -32768
-3605 527 -32768
-3536 499 -32768
-3580 529 -32768
-3665 527 -32768
-3539 525 -32768
-3471 503 -32768
-3511 534 -32768
-3609 433 -32768
-3655 574 -32768
-3528 515 -32768
-3577 497 -32768
-3696 498 -32768
-3581 538 -32768
-3450 494 -32768
-3499 584 -32768
-3623 524 -32768
-3638 591 -32768
-3538 486 -32768
-3571 495 -32768
-3668 521 -32768
-3629 546 -32768
-3438 527 -32768
-3509 507 -32768
-3578 539 -32768
-3589 475 -32768
-3545 468 -32768
-3515 467 -32768
-3653 472 -32768
-3664 528 -32768
-3510 511 -32768
-3482 523 -32768
-3540 452 -32768
-3608 498 -32768
-3590 519 -32768
-3488 533 -32768
-3651 605 -32768
-3727 535 -32768
-3564 538 -32768
-3408 551 -32768
-3547 471 -32768
-3610 516 -32768
-3557 468 -32768
-3511 505 -32768
-3623 562 -32768
-3744 545 -32768
-3619 525 -32768
-3487 512 -32768
-3577 508 -32768
-3679 562 -32768
-3637 537 -32768
-3519 492 -32768
-3575 463 -32768
-3756 554 -32768
-3704 574 -32768
-3507 529 -32768
-3489 462 -32768
-3621 432 -32768
-3667 563 -32768
-3564 500 -32768
-3623 597 -32768
-3738 502 -32768
-3725 558 -32768
-3584 545 -32768
-3595 580 -32768
-3662 530 -32768
-3697 588 -32768
-3566 519 -32768
-3609 545 -32768
-3723 526 -32768
-3719 477 -32768
-3589 545 -32768
-3564 489 -32768
-3665 518 -32768
-3687 548 -32768
-3573 524 -32768
-3588 570 -32768
-3719 561 -32768
-3727 476 -32768
-3582 534 -32768
-3581 516 -32768
-3646 496 -32768
-3676 514 -32768
-3598 498 -32768
-3586 467 -32768
-3668 554 -32768
-3692 477 -32768
-3585 518 -32768
-3582 488 -32768
-3657 477 -32768
-3689 560 -32768
-3593 493 -32768
-3560 500 -32768
-3693 567 -32768
-3738 510 -32768
-3593 561 -32768
-3587 480 -32768
-3720 543 -32768
-3750 593 -32768
-3645 502 -32768
-3621 513 -32768
-3783 545 -32768
-3759 509 -32768
-3616 550 -32768
-3596 566 -32768
-3750 523 -32768
-3808 589 -32768
-3638 501 -32768
-3695 614 -32768
-3778 542 -32768
-3765 556 -32768
-3600 534 -32768
-3661 569 -32768
-3733 504 -32768
-3772 588 -32768
-3674 549 -32768
-3670 534 -32768
-3797 545 -32768
-3744 518 -32768
-3589 522 -32768
-3594 499 -32768
-3758 459 -32768
-3798 597 -32768
-3661 536 -32768
-3736 551 -32768
-3835 592 -32768
-3732 526 -32768
-3610 534 -32768
-3638 501 -32768
-3781 525 -32768
-3784 548 -32768
-3714 528 -32768
-3783 673 -32768
-3844 534 -32768
-3768 551 -32768
-3624 547 -32768
-3639 504 -32768
-3746 544 -32768
-3733 505 -32768
-3676 514 -32768
-3744 466 -32768
-3860 590 -32768
-3711 511 -32768
-3623 522 -32768
-3669 532 -32768
-3785 554 -32768
-3709 451 -32768
-3678 485 -32768
-3778 523 -32768
-3872 556 -32768
-3735 556 -32768
-3634 516 -32768
-3725 512 -32768
-3792 570 -32768
-3741 498 -32768
-3651 529 -32768
-3821 581 -32768
-3849 548 -32768
-3657 539 -32768
-3622 558 -32768
-3694 506 -32768
-3749 537 -32768
-3694 529 -32768
-3671 484 -32768
-3776 564 -32768
-3819 536 -32768
-3621 511 -32768
-3548 495 -32768
-3677 566 -32768
-3753 582 -32768
-3656 490 -32768
-3616 530 -32768
-3773 607 -32768
-3790 471 -32768
-3614 542 -32768
-3584 520 -32768
-3659 526 -32768
-3710 502 -32768
-3651 531 -32768
-3612 514 -32768
-3729 529 -32768
-3775 537 -32768
-3634 571 -32768
-3529 518 -32768
-3621 436 -32768
-3695 495 -32768
-3597 482 -32768
-3571 469 -32768
-3711 563 -32768
-3756 552 -32768
-3597 541 -32768
-3566 514 -32768
-3647 529 -32768
-3704 563 -32768
-3608 534 -32768
-3601 499 -32768
-3670 571 -32768
-3739 565 -32768
-3591 564 -32768
-3545 544 -32768
-3593 492 -32768
-3662 481 -32768
-3622 545 -32768
-3493 514 -32768
-3646 574 -32768
-3736 561 -32768
-3578 540 -32768
-3493 551 -32768
-3610 530 -32768
-3679 524 -32768
-3608 549 -32768
-3504 520 -32768
-3649 568 -32768
-3707 548 -32768
-3587 567 -32768
-3499 501 -32768
-3612 608 -32768
-3690 507 -32768
-3592 489 -32768
-3512 524 -32768
-3588 595 -32768
-3719 532 -32768
-3630 546 -32768
-3490 551 -32768
-3542 489 -32768
-3684 555 -32768
-3694 539 -32768
-3551 504 -32768
-3635 688 -32768
-3711 572 -32768
-3628 524 -32768
-3505 528 -32768
-3547 549 -32768
-3617 413 -32768
-3735 641 -32768
-3560 489 -32768
-3573 461 -32768
-3718 588 -32768
-3663 504 -32768
-3493 490 -32768
600 измерений сняты
