
32767 -452 341
32767 -466 369
32767 -455 377
32767 -449 400
32767 -446 408
32767 -494 426
32767 -496 407
32767 -461 372
32767 -445 374
32767 -477 380
32767 -468 399
32767 -442 414
32767 -500 413
32767 -490 404
32767 -451 364
32767 -453 359
32767 -470 389
32767 -456 392
32767 -437 410
32767 -501 405
32767 -489 422
32767 -437 358
32767 -459 374
32767 -444 379
32767 -451 410
32767 -428 412
32767 -497 398
32767 -479 399
32767 -458 316
32767 -470 355
32767 -466 379
32767 -438 380
32767 -428 424
32767 -504 404
32767 -463 378
32767 -471 303
32767 -406 379
32767 -486 374
32767 -432 356
32767 -394 405
32767 -519 415
32767 -473 335
32767 -456 347
32767 -424 362
32767 -470 358
32767 -437 351
32767 -420 422
32767 -509 406
32767 -465 380
32767 -444 363
32767 -432 355
32767 -448 368
32767 -457 384
32767 -427 394
32767 -495 403
32767 -501 400
32767 -440 336
32767 -442 342
32767 -447 378
32767 -443 372
32767 -427 381
32767 -507 398
32767 -467 416
32767 -444 338
32767 -478 339
32767 -446 388
32767 -428 338
32767 -436 376
32767 -502 389
32767 -464 410
32767 -456 343
32767 -450 337
32767 -448 372
32767 -445 353
32767 -418 399
32767 -508 372
32767 -463 417
32767 -473 312
32767 -450 355
32767 -422 379
32767 -469 398
32767 -444 376
32767 -514 385
32767 -485 410
32767 -467 307
32767 -434 348
32767 -418 379
32767 -495 387
32767 -448 360
32767 -449 407
32767 -480 411
32767 -469 345
32767 -449 331
32767 -397 360
32767 -471 365
32767 -425 371
32767 -397 407
32767 -500 419
32767 -480 333
32767 -463 340
32767 -399 383
32767 -455 373
32767 -429 353
32767 -396 404
32767 -497 400
32767 -491 407
32767 -446 367
32767 -443 366
32767 -437 378
32767 -438 400
32767 -426 384
32767 -508 392
32767 -456 400
32767 -445 335
32767 -429 371
32767 -464 374
32767 -423 350
32767 -406 404
32767 -508 375
32767 -437 415
32767 -450 340
32767 -463 348
32767 -441 366
32767 -472 372
32767 -439 382
32767 -487 375
32767 -468 394
32767 -469 329
32767 -453 328
32767 -428 372
32767 -494 379
32767 -407 349
32767 -442 377
32767 -481 427
32767 -460 364
32767 -442 352
32767 -401 365
32767 -440 373
32767 -428 350
32767 -416 393
32767 -475 397
32767 -475 398
32767 -435 339
32767 -443 335
32767 -451 382
32767 -432 358
32767 -420 404
32767 -498 390
32767 -459 401
32767 -442 318
32767 -434 324
32767 -427 370
32767 -439 354
32767 -419 373
32767 -495 358
32767 -449 403
32767 -435 320
32767 -429 321
32767 -405 362
32767 -484 374
32767 -423 370
32767 -394 406
32767 -499 420
32767 -460 346
32767 -442 290
32767 -395 371
32767 -444 340
32767 -428 387
32767 -431 352
32767 -491 395
32767 -462 395
32767 -441 329
32767 -457 325
32767 -440 363
32767 -426 346
32767 -421 391
32767 -489 376
32767 -442 392
32767 -444 341
32767 -441 319
32767 -419 360
32767 -505 384
32767 -418 366
32767 -419 383
32767 -492 410
32767 -460 354
32767 -446 331
32767 -429 348
32767 -447 373
32767 -424 363
32767 -414 404
32767 -488 408
32767 -489 406
32767 -457 335
32767 -431 349
32767 -429 383
32767 -428 361
32767 -427 404
32767 -508 388
32767 -448 397
32767 -438 331
32767 -431 371
32767 -437 371
32767 -448 368
32767 -403 395
32767 -477 375
32767 -472 397
32767 -449 335
32767 -431 334
32767 -414 372
32767 -475 389
32767 -412 340
32767 -411 394
32767 -487 410
32767 -448 333
32767 -418 345
32767 -415 353
32767 -433 363
32767 -411 365
32767 -399 393
32767 -494 405
32767 -468 414
32767 -443 311
32767 -429 346
32767 -434 354
32767 -416 363
32767 -435 360
32767 -503 377
32767 -408 404
32767 -442 320
32767 -437 308
32767 -403 380
32767 -460 375
32767 -419 348
32767 -436 372
32767 -469 400
32767 -449 356
32767 -442 296
32767 -386 357
32767 -462 369
32767 -425 354
32767 -396 375
32767 -478 387
32767 -458 389
32767 -439 317
32767 -439 339
32767 -422 378
32767 -416 348
32767 -383 385
32767 -492 373
32767 -429 395
32767 -429 332
32767 -432 347
32767 -398 357
32767 -487 389
32767 -415 364
32767 -424 378
32767 -437 394
32767 -444 346
32767 -401 316
32767 -398 337
32767 -458 366
32767 -390 337
32767 -394 382
32767 -490 419
32767 -448 366
32767 -424 337
32767 -428 331
32767 -433 376
32767 -433 373
32767 -400 391
32767 -484 364
32767 -445 402
32767 -444 325
32767 -432 318
32767 -444 361
32767 -446 347
32767 -414 374
32767 -418 373
32767 -487 391
32767 -451 340
32767 -430 298
32767 -381 350
32767 -441 353
32767 -402 358
32767 -380 384
32767 -485 382
32767 -465 411
32767 -423 327
32767 -432 331
32767 -404 353
32767 -410 347
32767 -385 400
32767 -470 365
32767 -450 402
32767 -433 332
32767 -429 337
32767 -387 361
32767 -427 347
32767 -389 333
32767 -374 391
32767 -473 377
32767 -448 378
32767 -415 318
32767 -449 337
32767 -405 363
32767 -412 366
32767 -390 368
32767 -479 361
32767 -412 388
32767 -441 309
32767 -428 342
32767 -406 359
32767 -447 372
32767 -403 353
32767 -411 362
32767 -464 406
32767 -443 348
32767 -440 313
32767 -390 369
32767 -440 349
32767 -422 349
32767 -370 398
32767 -490 373
32767 -426 395
32767 -423 311
32767 -416 343
32767 -431 350
32767 -425 338
32767 -381 377
32767 -432 371
32767 -452 389
32767 -427 323
32767 -425 297
32767 -382 346
32767 -429 333
32767 -394 339
32767 -377 370
32767 -470 376
32767 -452 385
32767 -422 345
32767 -431 298
32767 -406 347
32767 -398 342
32767 -399 384
32767 -426 351
32767 -480 376
32767 -412 340
32767 -399 323
32767 -364 356
32767 -420 344
32767 -399 352
32767 -401 372
32767 -491 378
32767 -441 364
32767 -410 303
32767 -451 310
32767 -410 343
32767 -421 349
32767 -381 372
32767 -423 370
32767 -470 396
32767 -428 309
32767 -415 296
32767 -378 377
32767 -447 355
32767 -416 354
32767 -395 380
32767 -482 364
32767 -422 400
32767 -401 286
32767 -436 327
32767 -393 362
32767 -432 368
32767 -402 357
32767 -394 369
32767 -438 400
32767 -431 335
32767 -404 341
32767 -405 338
32767 -423 346
32767 -419 353
32767 -385 350
32767 -473 352
32767 -392 394
32767 -424 320
32767 -378 346
32767 -382 345
32767 -448 363
32767 -393 309
32767 -375 370
32767 -468 387
32767 -451 377
32767 -408 319
32767 -425 323
32767 -406 340
32767 -380 351
32767 -378 363
32767 -427 380
32767 -438 388
32767 -417 323
32767 -406 320
32767 -377 350
32767 -415 347
32767 -394 356
32767 -374 368
32767 -468 381
32767 -429 369
32767 -413 318
32767 -417 314
32767 -410 341
32767 -430 342
32767 -396 386
32767 -390 371
32767 -450 395
32767 -440 338
32767 -423 312
32767 -370 363
32767 -440 371
32767 -408 363
32767 -370 395
32767 -488 377
32767 -426 385
32767 -424 322
32767 -419 326
32767 -410 355
32767 -441 383
32767 -388 353
32767 -421 382
32767 -449 395
32767 -414 324
32767 -429 303
32767 -386 358
32767 -438 354
32767 -410 376
32767 -381 385
32767 -480 358
32767 -426 392
32767 -405 313
32767 -421 333
32767 -387 358
32767 -426 355
32767 -386 362
32767 -456 343
32767 -439 377
32767 -433 340
32767 -393 328
32767 -395 345
32767 -402 352
32767 -415 362
32767 -390 388
32767 -479 371
32767 -410 371
32767 -424 308
32767 -416 333
32767 -386 338
32767 -426 350
32767 -402 358
32767 -394 365
32767 -462 385
32767 -436 349
32767 -432 307
32767 -406 356
32767 -429 370
32767 -421 381
32767 -373 412
32767 -492 374
32767 -423 379
32767 -427 319
32767 -411 338
32767 -410 354
32767 -435 374
32767 -415 381
32767 -434 356
32767 -462 394
32767 -424 340
32767 -412 312
32767 -406 348
32767 -426 358
32767 -422 375
32767 -362 421
32767 -486 372
32767 -418 396
32767 -423 317
32767 -414 340
32767 -391 371
32767 -441 371
32767 -396 352
32767 -424 367
32767 -453 383
32767 -436 351
32767 -407 346
32767 -385 357
32767 -412 360
32767 -412 368
32767 -383 360
32767 -448 372
32767 -390 384
32767 -421 319
32767 -398 333
32767 -377 354
32767 -458 371
32767 -387 354
32767 -392 359
32767 -448 390
32767 -433 361
32767 -429 332
32767 -416 351
32767 -408 353
32767 -403 358
32767 -409 338
32767 -440 386
32767 -427 406
32767 -425 340
32767 -424 342
32767 -409 336
32767 -392 352
32767 -390 361
32767 -422 356
32767 -427 375
32767 -431 324
32767 -423 304
32767 -376 357
32767 -437 357
32767 -384 325
32767 -376 364
32767 -475 375
32767 -431 398
32767 -424 329
32767 -427 321
32767 -418 366
32767 -402 335
32767 -375 372
32767 -452 367
32767 -432 389
32767 -426 327
32767 -444 296
32767 -362 371
32767 -441 370
32767 -388 357
32767 -416 367
32767 -477 374
32767 -454 387
32767 -415 308
32767 -407 347
32767 -422 371
32767 -388 342
32767 -385 379
32767 -461 366
32767 -426 387
32767 -444 335
32767 -407 317
32767 -399 379
32767 -449 357
32767 -405 343
32767 -414 371
32767 -460 402
32767 -450 350
32767 -406 378
32767 -403 367
32767 -427 362
32767 -427 372
32767 -371 414
32767 -477 393
32767 -422 396
32767 -428 336
32767 -425 343
32767 -426 359
32767 -412 344
32767 -412 356
32767 -456 361
32767 -440 391
32767 -436 328
32767 -427 324
32767 -372 355
32767 -451 370
32767 -390 341
32767 -346 398
32767 -460 387
32767 -449 367
32767 -427 333
32767 -414 334
32767 -402 387
32767 -411 375
32767 -407 368
32767 -452 377
32767 -413 398
32767 -416 342
32767 -403 345
32767 -395 362
32767 -479 394
32767 -396 342
32767 -362 371
32767 -437 391
32767 -437 368
32767 -410 333
32767 -425 342
32767 -427 342
32767 -396 357
32767 -400 358
600 измерений сняты
