
-30 0 -347
-29 0 -233
-82 0 -314
-125 0 -344
37 0 -245
-19 0 -260
-30 0 -276
-13 0 -356
-3 0 -227
-30 0 -246
-71 0 -351
34 0 -263
0 0 -220
-16 0 -252
22 0 -286
-33 0 -215
-58 0 -226
-44 0 -328
25 0 -248
84 0 -219
1 0 -215
-25 0 -281
0 0 -184
-65 0 -216
-53 0 -328
-22 0 -280
3 0 -194
45 0 -197
-20 0 -287
-38 0 -249
6 0 -212
-26 0 -330
-41 0 -294
33 0 -195
36 0 -270
-32 0 -277
7 0 -230
-49 0 -202
-39 0 -329
-40 0 -269
80 0 -194
7 0 -199
-10 0 -272
3 0 -236
-10 0 -205
-62 0 -311
-21 0 -259
36 0 -174
39 0 -175
-34 0 -264
10 0 -228
-32 0 -201
-9 0 -280
-67 0 -259
38 0 -181
3 0 -164
26 0 -228
36 0 -207
-22 0 -139
-42 0 -308
-65 0 -264
66 0 -180
-6 0 -148
64 0 -209
-2 0 -237
22 0 -180
-47 0 -205
-53 0 -304
39 0 -211
99 0 -207
7 0 -157
90 0 -200
29 0 -177
-82 0 -137
-28 0 -294
-43 0 -251
-10 0 -125
59 0 -185
1 0 -219
-13 0 -196
-16 0 -124
-16 0 -313
-29 0 -247
23 0 -150
33 0 -118
3 0 -167
44 0 -185
47 0 -139
-3 0 -252
-65 0 -224
69 0 -158
8 0 -149
20 0 -192
-28 0 -276
11 0 -160
-1 0 -195
24 0 -212
54 0 -182
64 0 -144
0 0 -138
24 0 -193
24 0 -110
16 0 -157
-38 0 -257
-12 0 -240
29 0 -115
24 0 -224
-16 0 -203
18 0 -149
15 0 -144
-19 0 -272
-39 0 -210
76 0 -169
30 0 -90
23 0 -176
33 0 -154
0 0 -122
-19 0 -194
-25 0 -244
8 0 -153
2 0 -84
37 0 -191
28 0 -213
49 0 -85
11 0 -127
-38 0 -230
11 0 -181
53 0 -124
32 0 -109
-10 0 -191
-5 0 -164
-4 0 -112
-25 0 -214
-54 0 -243
106 0 -123
116 0 -204
-8 0 -170
55 0 -136
9 0 -122
-4 0 -182
15 0 -155
81 0 -118
16 0 -128
8 0 -125
18 0 -249
45 0 -128
-27 0 -116
-24 0 -218
54 0 -161
108 0 -133
-40 0 -135
94 0 -159
-3 0 -150
1 0 -140
-27 0 -235
-2 0 -200
78 0 -99
5 0 -86
26 0 -154
45 0 -117
-42 0 -61
-7 0 -227
24 0 -168
36 0 -106
90 0 -163
26 0 -118
12 0 -241
28 0 -105
8 0 -133
-12 0 -242
15 0 -129
96 0 -64
25 0 -92
35 0 -178
28 0 -110
-31 0 -73
-12 0 -206
-29 0 -178
95 0 -98
79 0 -197
28 0 -125
49 0 -114
92 0 -90
22 0 -130
14 0 -131
66 0 -105
98 0 -136
51 0 -107
30 0 -162
23 0 -82
-21 0 -69
-21 0 -193
5 0 -160
58 0 -76
51 0 -72
37 0 -137
-2 0 -125
76 0 -128
11 0 -213
9 0 -120
62 0 -79
67 0 -87
57 0 -112
28 0 -163
40 0 -56
22 0 -93
24 0 -163
61 0 -89
77 0 -61
8 0 -23
27 0 -151
72 0 -65
-19 0 20
38 0 -172
-18 0 -143
71 0 -64
42 0 -167
42 0 -98
22 0 -152
32 0 -39
81 0 -63
8 0 -184
30 0 -91
52 0 -27
43 0 -31
34 0 -127
65 0 -52
-25 0 127
26 0 -157
23 0 -139
83 0 -34
112 0 -133
39 0 -118
46 0 -73
-6 0 -28
23 0 -125
11 0 -113
33 0 -76
34 0 -43
0 0 -102
15 0 -168
55 0 -65
41 0 -4
-23 0 -170
26 0 -101
59 0 -38
65 0 -156
46 0 -131
41 0 -74
51 0 -90
-9 0 -201
12 0 -106
96 0 -76
11 0 37
34 0 -152
32 0 -113
-11 0 -84
29 0 -202
-64 0 -208
30 0 -125
10 0 -38
-16 0 -65
46 0 -153
61 0 -53
-24 0 13
-20 0 -167
-38 0 -143
72 0 -57
113 0 -152
38 0 -103
61 0 -51
-2 0 -55
-6 0 -151
-4 0 -118
125 0 -58
-14 0 44
42 0 -64
7 0 -189
61 0 -51
12 0 -93
-16 0 -177
64 0 -100
110 0 -61
85 0 -108
56 0 -57
38 0 -48
-26 0 21
1 0 -153
26 0 -117
79 0 -69
71 0 -37
41 0 -87
74 0 -54
60 0 -22
20 0 -76
-1 0 -153
43 0 -104
114 0 -103
66 0 -78
30 0 -115
64 0 -36
26 0 -70
-11 0 -199
8 0 -117
90 0 -47
79 0 -18
17 0 -139
25 0 -97
-11 0 -34
-5 0 -190
2 0 -139
63 0 -110
-18 0 -41
19 0 -86
34 0 -91
60 0 -62
38 0 -114
4 0 -183
102 0 -87
77 0 -31
35 0 -88
-12 0 -213
46 0 -67
78 0 34
-7 0 -167
44 0 -113
-26 0 -63
14 0 -87
29 0 -147
35 0 -57
23 0 -75
-8 0 -173
-5 0 -160
51 0 -59
42 0 -193
25 0 -138
12 0 -115
5 0 -21
18 0 -206
-1 0 -130
60 0 -94
55 0 -121
16 0 -103
45 0 -104
1 0 -62
42 0 -111
10 0 -139
65 0 -126
-35 0 -13
31 0 -102
4 0 -184
12 0 -113
33 0 -195
-29 0 -170
57 0 -109
85 0 -138
-2 0 -57
25 0 -138
59 0 -76
5 0 -50
-10 0 -192
-12 0 -142
38 0 -62
50 0 -93
-1 0 -135
30 0 -104
-19 0 -89
-17 0 -170
-6 0 -151
86 0 -80
58 0 -64
40 0 -124
66 0 -84
78 0 -48
41 0 -191
5 0 -103
83 0 -63
61 0 -11
24 0 -91
45 0 -68
90 0 -110
82 0 -91
-35 0 -116
31 0 -67
10 0 23
17 0 -87
33 0 -127
36 0 -71
18 0 -76
9 0 -153
79 0 -56
11 0 -40
24 0 -39
52 0 -123
28 0 -61
31 0 -97
16 0 -134
11 0 -128
37 0 -66
60 0 -132
2 0 -94
68 0 -63
54 0 -123
35 0 -146
35 0 -72
74 0 -69
82 0 -144
41 0 -81
46 0 -102
56 0 -31
47 0 -121
-58 0 -165
57 0 -83
33 0 -22
38 0 -55
18 0 -101
76 0 -14
40 0 1
-22 0 -135
23 0 -104
81 0 -43
91 0 -97
32 0 -94
15 0 -73
63 0 -39
30 0 -160
-31 0 -82
89 0 -46
57 0 1
34 0 -56
78 0 -50
31 0 10
59 0 -39
20 0 -111
49 0 -59
68 0 22
48 0 -63
-10 0 -150
81 0 14
26 0 56
-15 0 -139
39 0 -89
93 0 -23
62 0 -84
18 0 -86
71 0 -38
38 0 -21
47 0 -160
24 0 -61
86 0 -26
50 0 -75
29 0 -72
52 0 -67
20 0 -5
12 0 -84
16 0 -123
46 0 -47
37 0 20
50 0 -88
38 0 -118
60 0 -26
24 0 54
-39 0 -126
21 0 -79
113 0 -40
34 0 -23
31 0 -92
54 0 -42
-3 0 -38
-1 0 -157
13 0 -59
76 0 -42
82 0 -105
62 0 -105
49 0 -54
26 0 -11
26 0 -182
-4 0 -85
74 0 -50
78 0 -90
80 0 -105
82 0 -101
15 0 -34
29 0 -157
5 0 -129
84 0 -73
27 0 -11
50 0 4
48 0 -128
58 0 -16
69 0 156
18 0 -120
1 0 -109
99 0 -47
65 0 -19
44 0 -92
50 0 -42
50 0 -60
10 0 -148
-6 0 -101
68 0 -49
109 0 -153
28 0 -99
62 0 -52
21 0 -8
34 0 -137
9 0 -115
38 0 -60
52 0 11
35 0 -55
2 0 -156
50 0 -15
59 0 29
-54 0 -155
66 0 -78
-25 0 -3
33 0 -61
30 0 -95
18 0 -46
28 0 -73
21 0 -165
-9 0 -113
110 0 -35
81 0 -86
87 0 -65
69 0 -19
99 0 -45
-22 0 -175
-2 0 -56
50 0 -36
116 0 -145
50 0 -63
98 0 -73
60 0 3
46 0 -97
6 0 -129
97 0 -30
70 0 10
42 0 4
46 0 -108
76 0 -9
75 0 -60
5 0 -104
76 0 -68
66 0 -8
80 0 -113
46 0 -63
6 0 -61
54 0 -31
48 0 -142
1 0 -73
63 0 -26
93 0 -126
74 0 -66
56 0 -35
48 0 42
77 0 -5
1 0 -76
108 0 -22
134 0 -44
44 0 46
76 0 -42
58 0 -18
41 0 18
-16 0 -120
30 0 -59
82 0 8
120 0 -112
45 0 -45
91 0 -7
69 0 -35
-5 0 -120
-18 0 -50
82 0 -7
75 0 -86
69 0 -55
73 0 -54
25 0 -19
75 0 -16
4 0 -107
94 0 -6
153 0 -52
45 0 3
41 0 -59
72 0 10
4 0 62
27 0 -125
70 0 -53
145 0 42
73 0 -38
36 0 -40
71 0 -15
-12 0 44
-2 0 -66
18 0 -48
89 0 26
22 0 102
30 0 -27
57 0 -59
32 0 35
600 измерений сняты
