
-243 57 0
-153 2 0
-166 -2 0
-329 70 0
-254 82 0
-63 9 0
-124 15 0
-240 17 0
-204 13 0
-139 -10 0
-214 31 0
-275 35 0
-76 -4 0
-31 3 0
-172 -37 0
-230 72 0
-115 -26 0
-119 -50 0
-258 89 0
-182 56 0
-5 -8 0
-43 2 0
-179 36 0
-127 -30 0
-134 -14 0
-202 37 0
-251 21 0
-66 -17 0
-32 13 0
-121 -6 0
-142 41 0
-65 -15 0
-83 54 0
-274 18 0
-127 70 0
27 -25 0
-16 2 0
-150 -28 0
-103 4 0
-36 -26 0
-191 48 0
-238 31 0
-31 2 0
11 -15 0
-88 -22 0
-147 1 0
-60 -41 0
-99 -14 0
-234 17 0
-73 8 0
54 9 0
-27 -36 0
-79 51 0
-82 -29 0
-27 -5 0
-147 70 0
-205 34 0
18 2 0
101 2 0
-82 -40 0
-89 35 0
-16 -31 0
-42 -30 0
-230 6 0
-153 36 0
36 7 0
2 -48 0
-91 42 0
-81 -43 0
13 -7 0
-128 38 0
-193 18 0
-58 13 0
10 -63 0
-65 -46 0
-102 2 0
-33 -26 0
-18 24 0
-198 59 0
-164 20 0
5 4 0
19 -10 0
-92 -22 0
-81 -40 0
12 -23 0
-83 -28 0
-177 24 0
-67 5 0
81 31 0
-49 35 0
-143 -11 0
-44 -25 0
-16 -84 0
-143 24 0
-139 -4 0
74 -5 0
-17 -41 0
-102 -32 0
-110 36 0
12 -12 0
-7 20 0
-140 52 0
-40 5 0
88 -5 0
-3 -25 0
-101 -2 0
-57 -38 0
31 -33 0
-74 57 0
-170 -1 0
5 16 0
54 1 0
-52 -21 0
-129 0 0
-30 -33 0
-1 7 0
-140 67 0
-125 6 0
73 15 0
48 -21 0
-100 -29 0
-98 18 0
-16 -17 0
-82 -3 0
-169 36 0
-59 -5 0
57 -3 0
-62 -46 0
-123 -24 0
-78 -17 0
-63 -14 0
-149 59 0
-179 -55 0
37 17 0
26 -46 0
-44 26 0
-114 86 0
-30 -19 0
-27 -11 0
-203 24 0
-76 -21 0
57 -27 0
2 -68 0
-86 -8 0
-66 -36 0
12 -9 0
-150 20 0
-150 23 0
29 9 0
141 52 0
-10 -34 0
-72 4 0
-12 -36 0
-28 -23 0
-136 80 0
-115 -19 0
131 25 0
80 -18 0
18 57 0
-51 -3 0
53 -20 0
25 86 0
-170 19 0
-74 -5 0
120 -6 0
71 -48 0
-21 -6 0
2 -74 0
112 -49 0
-32 -11 0
-114 40 0
52 12 0
152 -12 0
39 -8 0
-23 -6 0
35 -25 0
63 -61 0
-20 23 0
-118 -39 0
76 -42 0
80 -88 0
22 -23 0
-54 27 0
55 -29 0
24 -104 0
-134 5 0
-54 32 0
87 5 0
6 -91 0
2 7 0
-10 -47 0
98 -50 0
-13 -53 0
-111 29 0
1 13 0
115 14 0
-28 -64 0
-46 19 0
-12 -2 0
47 -83 0
-68 23 0
-103 -14 0
20 -15 0
11 -116 0
-40 -4 0
-74 15 0
58 -27 0
27 28 0
-120 38 0
-78 11 0
112 -10 0
85 38 0
-107 -75 0
-29 -35 0
64 -44 0
-39 5 0
-131 -36 0
-5 -11 0
124 -14 0
-36 -117 0
-107 -5 0
-17 0 0
46 -12 0
-45 70 0
-98 -21 0
64 -52 0
82 -112 0
-42 -59 0
-83 16 0
29 -49 0
54 -40 0
-87 55 0
-50 -10 0
123 -8 0
46 29 0
-54 -35 0
-31 -20 0
44 -39 0
-23 7 0
-125 -30 0
70 1 0
153 -1 0
40 -20 0
6 38 0
-20 -5 0
-18 -49 0
-61 17 0
-85 -46 0
101 -5 0
122 -21 0
9 -67 0
-36 17 0
36 -56 0
-29 -141 0
-127 53 0
-52 -4 0
164 -11 0
74 -15 0
-13 -17 0
-19 17 0
52 -51 0
1 -76 0
-142 -2 0
-13 -10 0
147 -30 0
74 -19 0
-9 -11 0
45 -40 0
101 -51 0
14 -9 0
-89 37 0
67 -13 0
161 -61 0
71 -41 0
36 30 0
49 -66 0
96 -72 0
-36 -4 0
-64 24 0
145 -41 0
141 -137 0
39 -35 0
42 -20 0
155 -61 0
144 -4 0
-69 -1 0
-16 23 0
170 -24 0
137 -7 0
42 18 0
33 2 0
149 -47 0
105 -66 0
-74 -11 0
23 11 0
112 -63 0
125 69 0
18 -64 0
41 -41 0
139 -77 0
58 -42 0
-70 -33 0
56 -25 0
152 -13 0
85 12 0
-5 -26 0
60 -23 0
124 -27 0
-22 -29 0
-65 -40 0
59 2 0
122 12 0
-15 -43 0
-39 11 0
102 -69 0
66 -106 0
-71 -8 0
-46 -27 0
83 0 0
69 1 0
-46 -4 0
-56 -25 0
53 -36 0
43 -93 0
-112 -3 0
-15 3 0
115 -21 0
9 -77 0
-127 -66 0
-16 -44 0
34 -30 0
-63 15 0
-100 -60 0
27 -20 0
76 -58 0
-34 -30 0
-120 18 0
17 -21 0
15 -24 0
-141 15 0
-48 12 0
84 -8 0
-23 -104 0
-104 14 0
-88 -53 0
27 -53 0
-29 -23 0
-146 -5 0
-18 -7 0
77 24 0
-18 39 0
-118 6 0
-53 -25 0
-27 34 0
-95 61 0
-107 -34 0
67 -4 0
-4 -44 0
-84 0 0
-65 0 0
-7 -7 0
-78 -74 0
-143 15 0
-37 -7 0
58 -48 0
-44 -33 0
-113 4 0
-57 15 0
-40 -41 0
-143 -11 0
-147 -24 0
55 -3 0
41 -12 0
-84 4 0
-129 29 0
-5 -17 0
-30 -29 0
-212 14 0
-88 27 0
43 -52 0
-57 -14 0
-130 1 0
-64 4 0
-21 -28 0
-182 -13 0
-163 -38 0
27 -10 0
-32 -88 0
-93 -94 0
-110 54 0
11 -28 0
-4 -42 0
-201 -33 0
-135 17 0
61 -1 0
2 -20 0
-86 -58 0
-6 -11 0
54 14 0
-126 52 0
-117 -14 0
67 3 0
37 -5 0
-35 -16 0
-35 -20 0
87 -43 0
-25 -140 0
-134 18 0
-6 -29 0
71 -24 0
4 -18 0
-79 -18 0
23 -29 0
81 -48 0
-21 -6 0
-128 -48 0
52 1 0
39 -75 0
-39 -74 0
-46 -1 0
12 -50 0
78 3 0
-84 55 0
-74 25 0
66 27 0
31 57 0
-82 0 0
-60 -28 0
51 -64 0
-33 -31 0
-158 -64 0
-18 -19 0
81 29 0
-74 -69 0
-108 34 0
-63 -41 0
77 7 0
-79 83 0
-81 -44 0
88 -15 0
84 -42 0
-19 53 0
-85 33 0
54 -42 0
14 -198 0
-126 1 0
32 -6 0
109 -39 0
77 -14 0
-43 -39 0
-20 -46 0
129 -28 0
11 -40 0
-53 -33 0
86 -30 0
155 -28 0
70 -28 0
-46 4 0
10 -26 0
62 -49 0
-49 7 0
-21 -42 0
96 -9 0
120 -53 0
-27 -88 0
-38 6 0
59 -46 0
0 -141 0
-133 -16 0
-47 -19 0
153 -12 0
104 -31 0
5 5 0
-11 -30 0
48 -63 0
-17 49 0
-108 8 0
56 -5 0
136 -32 0
68 3 0
-7 11 0
28 -36 0
43 -87 0
-100 19 0
-85 -39 0
131 -27 0
147 -89 0
26 -16 0
-38 14 0
70 -54 0
48 -68 0
-140 -19 0
-57 9 0
131 -15 0
89 -101 0
-21 -39 0
14 -44 0
120 -50 0
-4 -61 0
-128 20 0
47 -2 0
143 -23 0
82 -41 0
-19 -25 0
33 -37 0
67 -61 0
-54 10 0
-87 1 0
85 -19 0
104 -85 0
16 -55 0
-17 -26 0
102 -53 0
109 54 0
-109 26 0
-43 39 0
101 6 0
112 -76 0
31 2 0
14 -41 0
171 -54 0
95 -92 0
-46 37 0
25 -65 0
158 -31 0
54 -36 0
-1 -27 0
51 -46 0
170 -71 0
25 8 0
-53 -49 0
98 -24 0
133 -82 0
36 -25 0
1 -27 0
128 -55 0
91 -177 0
-13 8 0
-42 -61 0
132 -16 0
103 -61 0
-50 -82 0
-19 89 0
103 -60 0
95 -72 0
-140 -31 0
15 28 0
116 -47 0
78 -35 0
-47 -6 0
27 -66 0
99 -85 0
8 1 0
-87 6 0
51 -24 0
109 -29 0
17 -79 0
-64 -3 0
-20 -30 0
66 -70 0
-27 71 0
-80 -39 0
105 -27 0
66 -120 0
-41 -46 0
-55 11 0
56 -24 0
83 53 0
-118 24 0
-45 0 0
100 -46 0
75 -91 0
-31 15 0
-18 -60 0
55 -53 0
-68 13 0
-87 -1 0
106 -30 0
87 -87 0
13 -27 0
-62 -4 0
13 -53 0
43 21 0
-161 -7 0
-76 -60 0
82 -39 0
89 -83 0
-17 -27 0
-60 -19 0
55 -39 0
-15 -23 0
-119 48 0
24 -22 0
151 -53 0
55 -42 0
-42 -50 0
37 -24 0
64 -81 0
-60 -1 0
-84 -3 0
600 измерений сняты
