
0 -42 97
0 -82 98
0 -62 49
0 -50 42
0 -31 70
0 -51 78
0 -24 62
0 -20 76
0 -104 112
0 -64 62
0 -42 52
0 -35 42
0 -42 69
0 -43 67
0 -10 98
0 -112 94
0 -91 105
0 -31 27
0 -33 61
0 -38 75
0 -42 71
0 -27 107
0 -113 95
0 -58 116
0 -36 58
0 -47 40
0 -39 80
0 -26 61
0 -33 86
0 -95 86
0 -45 117
0 -55 35
0 -45 57
0 -48 69
0 -31 58
0 -18 95
0 -66 61
0 -66 101
0 -51 13
0 -39 40
0 -18 63
0 -55 67
0 -18 80
0 -61 63
0 -74 83
0 -49 21
0 -49 22
0 -29 57
0 -85 54
0 -4 50
0 3 89
0 -74 107
0 -58 39
0 -59 20
0 0 85
0 -96 84
0 -40 61
0 -51 84
0 -77 91
0 -43 60
0 -59 32
0 -27 66
0 -48 46
0 -5 48
0 -3 79
0 -90 91
0 -87 99
0 -43 11
0 -34 62
0 -58 73
0 -43 89
0 -18 86
0 -105 81
0 -67 109
0 -39 -5
0 -45 40
0 -24 67
0 -23 48
0 -2 92
0 -96 85
0 -19 112
0 -51 37
0 -30 47
0 -57 67
0 -21 44
0 -5 77
0 -91 68
0 -54 91
0 -65 39
0 -36 46
0 -29 79
0 -74 65
0 -35 46
0 -41 73
0 -76 91
0 -31 8
0 -46 -20
0 -11 32
0 -55 56
0 -11 45
0 3 68
0 -81 101
0 -62 86
0 -41 -6
0 -23 32
0 -58 59
0 -43 68
0 -31 73
0 -120 105
0 -42 103
0 -34 7
0 -45 17
0 -13 68
0 -25 50
0 -14 69
0 -70 58
0 -54 80
0 -41 24
0 -49 36
0 -15 59
0 -93 95
0 -29 47
0 -10 89
0 -73 93
0 -50 33
0 -45 -18
0 -14 53
0 -34 48
0 -5 56
0 -15 92
0 -101 92
0 -66 97
0 -28 51
0 -24 39
0 -37 24
0 -14 57
0 -17 88
0 -69 74
0 -25 72
0 -36 20
0 -17 48
0 7 48
0 -43 54
0 -8 72
0 -32 46
0 -55 91
0 -52 25
0 -27 33
0 -7 40
0 -44 46
0 -4 34
0 14 90
0 -70 88
0 -54 80
0 -30 48
0 -23 43
0 -45 71
0 -24 60
0 -1 73
0 -95 77
0 -31 77
0 -44 45
0 -43 43
0 -34 56
0 -11 48
0 15 78
0 -40 73
0 -56 85
0 -46 32
0 -53 -1
0 21 65
0 -97 75
0 -9 44
0 -1 86
0 -47 97
0 -55 33
0 -17 44
0 -31 60
0 -57 58
0 -33 72
0 7 96
0 -107 66
0 -55 97
0 -50 -3
0 -28 46
0 12 63
0 -10 48
0 -6 44
0 -37 70
0 -49 68
0 -47 29
0 -57 -6
0 -1 61
0 -105 75
0 -17 37
0 -17 69
0 -43 93
0 -50 25
0 -30 9
0 -4 43
0 -48 83
0 -24 66
0 -11 87
0 -110 65
0 -33 75
0 -34 11
0 -29 20
0 -37 92
0 -12 40
0 5 71
0 -56 58
0 -56 84
0 -37 30
0 -41 13
0 -6 44
0 -96 64
0 -3 41
0 11 70
0 -75 99
0 -48 67
0 -21 -4
0 -16 42
0 -35 44
0 -24 67
0 -6 62
0 -95 63
0 -23 78
0 -19 -18
0 -1 34
0 22 46
0 -48 50
0 -1 84
0 -18 53
0 -59 77
0 -42 23
0 -36 -15
0 3 44
0 -43 50
0 1 49
0 16 68
0 -100 73
0 -58 73
0 -28 18
0 9 45
0 -29 35
0 7 36
0 1 66
0 -57 67
0 -44 89
0 -38 29
0 -2 24
0 -7 32
0 -47 57
0 9 32
0 20 88
0 -74 81
0 -55 58
0 -33 7
0 -18 47
0 -7 65
0 -16 74
0 -9 49
0 -79 66
0 -23 81
0 -29 13
0 1 49
0 -22 65
0 -42 45
0 -8 63
0 -20 58
0 -54 99
0 -34 44
0 -5 28
0 3 59
0 -23 45
0 -9 37
0 4 55
0 -89 63
0 -42 64
0 -38 12
0 -2 37
0 -26 38
0 8 49
0 10 36
0 -24 58
0 -41 66
0 -34 13
0 -37 -13
0 9 49
0 -34 50
0 3 7
0 51 97
0 -80 56
0 -53 70
0 -14 -5
0 -53 4
0 19 46
0 0 46
0 14 57
0 -51 62
0 -46 61
0 -48 5
0 -36 11
0 -7 48
0 -35 42
0 12 19
0 -2 64
0 -69 94
0 -64 69
0 -12 29
0 -45 25
0 -35 46
0 -24 61
0 3 69
0 -99 60
0 -9 72
0 -31 9
0 -38 22
0 -16 48
0 -34 62
0 -14 60
0 -59 39
0 -45 64
0 -23 25
0 -50 -31
0 12 51
0 -40 44
0 -12 66
0 32 102
0 -77 74
0 -58 71
0 -18 37
0 6 40
0 -25 55
0 -18 71
0 -18 52
0 -68 55
0 -17 95
0 -29 43
0 -28 11
0 4 58
0 -28 58
0 -20 70
0 -32 41
0 -47 88
0 -38 36
0 -57 -27
0 -17 36
0 -44 61
0 -15 59
0 1 66
0 -86 66
0 -66 84
0 -30 23
0 -48 17
0 -22 53
0 2 26
0 14 93
0 -47 70
0 -25 87
0 -21 20
0 -40 21
0 8 48
0 -52 53
0 -2 46
0 -12 66
0 -39 78
0 -32 42
0 -29 18
0 18 68
0 -36 32
0 -10 34
0 30 127
0 -99 77
0 -29 91
0 -39 7
0 -65 11
0 -22 54
0 -2 38
0 6 55
0 -47 49
0 -42 85
0 -37 30
0 -41 13
0 10 45
0 -92 74
0 -1 41
0 -4 59
0 -42 81
0 -30 60
0 -30 13
0 12 47
0 -19 55
0 -7 20
0 16 73
0 -70 64
0 -8 74
0 -15 27
0 13 36
0 -6 48
0 -51 42
0 -5 52
0 33 37
0 -47 61
0 -43 39
0 -17 27
0 15 46
0 -34 49
0 -8 66
0 -3 40
0 -105 65
0 -20 83
0 -22 7
0 -44 31
0 -15 52
0 -34 65
0 -9 88
0 -51 29
0 -54 82
0 -31 21
0 -55 21
0 11 46
0 -48 59
0 -17 60
0 -46 40
0 -50 83
0 -25 19
0 -33 -18
0 16 39
0 -25 50
0 3 50
0 10 101
0 -70 77
0 -59 87
0 -23 22
0 -56 7
0 -6 61
0 -11 31
0 18 81
0 -69 56
0 -23 76
0 -32 38
0 -25 9
0 -8 32
0 -61 58
0 6 20
0 34 67
0 -68 72
0 -47 57
0 -17 -14
0 5 36
0 -26 40
0 -3 53
0 -29 25
0 -58 59
0 -11 73
0 -13 9
0 30 46
0 5 21
0 -89 55
0 -5 42
0 -39 20
0 -52 80
0 -53 76
0 -18 18
0 -23 36
0 -32 32
0 -3 73
0 -16 7
0 -40 37
0 -20 84
0 -24 16
0 -19 20
0 4 44
0 -70 65
0 19 18
0 -46 24
0 -21 72
0 -39 49
0 -5 32
0 6 42
0 -25 47
0 -2 66
0 15 63
0 -79 54
0 1 75
0 -17 5
0 -50 20
0 15 52
0 -42 53
0 -1 62
0 -56 48
0 -49 83
0 -30 12
0 -15 10
0 10 40
0 -38 42
0 -4 54
0 -5 52
0 -123 50
0 -6 73
0 -31 27
0 -42 39
0 -8 61
0 -22 39
0 1 51
0 -39 51
0 -46 78
0 -30 27
0 -61 -36
0 18 54
0 -19 37
0 5 40
0 20 68
0 -94 69
0 -26 73
0 -25 -11
0 -7 31
0 -2 51
0 3 32
0 6 25
0 -46 52
0 -40 64
0 -21 -3
0 -33 -9
0 19 53
0 -53 70
0 8 28
0 -29 44
0 -49 73
0 -38 54
0 -5 45
0 -31 18
0 -15 70
0 -5 56
0 -15 13
0 -55 38
0 -8 85
0 -8 17
0 1 21
0 -2 41
0 -34 45
0 15 33
0 -6 48
0 -74 71
0 -40 65
0 -5 -5
0 -34 1
0 -20 22
0 8 4
0 38 61
0 -52 40
0 -15 75
0 -29 51
0 12 3
0 17 50
0 -34 43
0 17 5
0 28 65
0 -96 82
0 -47 69
0 -13 36
0 -42 0
0 -7 21
0 15 30
0 4 52
0 -56 50
0 -36 76
0 -21 18
0 4 15
0 17 29
0 -37 22
0 5 27
0 55 89
0 -65 85
0 -30 72
0 -28 27
0 -8 29
0 -11 56
0 -4 62
0 2 53
0 -72 30
0 8 55
0 17 1
0 57 -20
0 89 -46
0 91 -61
0 144 -99
0 186 -132
0 211 -155
-301 236 -210
-4209 259 -240
-9209 307 -263
-15493 368 -320
-22260 439 -402
-27706 487 -450
-31497 520 -472
-32715 531 -478
-32624 524 -475
-32703 535 -478
600 измерений сняты
