
3108 715 15282
3662 918 16379
4180 986 14902
3885 772 16431
3231 322 15400
2952 -1582 15551
1769 -5120 15996
3185 -9111 12316
5109 -11740 8731
4542 -14048 4602
2688 -14968 -1256
754 -13308 -5841
-3450 -11455 -11223
-7692 -7972 -10889
-14237 -3787 -7538
-15071 -1259 -892
-13180 2012 4627
-10949 2928 10389
-9374 4940 15188
-931 5093 13707
3126 10135 13638
4351 12583 11583
2415 14400 8352
976 15852 8231
-3419 15056 5323
-11954 10484 3275
-13675 1982 5206
-13351 -4443 9324
-8732 -7515 11414
-2034 -12585 16089
432 -11678 8081
-1686 -14266 3879
-4495 -14077 734
-8401 -12887 -183
-10702 -9049 -197
-14452 -4487 1218
-13490 1912 3328
-14544 6371 4145
-12710 8389 5449
-8553 11287 4073
-11745 12618 -1470
-10488 11206 -3840
-13496 8890 1230
-16656 4321 904
-13280 101 1807
-15064 -4914 822
-12198 -6672 976
-10605 -10829 2192
-6623 -15220 3818
-2717 -15416 2195
-1375 -14884 -1158
-3853 -11924 -7177
-8676 -11367 -7930
-13725 -6781 -5595
-14014 -6643 1942
-15210 -11664 10183
-12242 -1425 8376
-11739 4222 10003
-8466 7399 10790
-9265 10538 7665
-10134 12834 5502
-10362 12239 2658
-11275 9562 3921
-11681 7890 3642
-12516 5383 6997
-13285 1260 10442
-12004 -3575 11162
-8362 -7419 9345
-7770 -11261 7004
-5795 -13686 4828
-5442 -14393 2417
-7291 -13724 -668
-9755 -10673 -2554
-13277 -9344 -194
-13175 -4945 3925
-11806 -1910 6169
-13202 2173 9582
-10135 4642 12943
-6452 7836 12407
-4074 11588 10926
-2329 12304 8607
-5404 14664 6617
-9480 12502 5421
-12368 8989 7172
-12530 5782 6490
-13377 223 8096
-10147 -5275 11269
-5956 -8448 9331
-4567 -11331 7931
-6478 -14273 3737
-8340 -12552 1612
-12008 -8274 -441
-14544 -5087 525
-13941 -898 2281
-16318 3637 5316
-12985 7866 7814
-11095 11079 4120
-8355 11974 3977
-8182 14093 3416
-9732 13378 1511
-10795 12770 258
-11949 11021 1759
-12828 8351 3192
-13391 5718 3724
-14312 588 6228
-10423 -5274 11560
-4700 -8765 12775
-944 -12003 9750
617 -14687 4600
-2528 -16411 -1725
-6341 -13296 -4292
-12155 -6865 -4263
-13903 -2578 -2446
-15178 2267 -558
-16045 5521 -1352
-15807 5121 -1439
-16623 975 -2341
-13956 -8470 -4609
-5835 -13456 -5154
-713 -15490 -4774
6975 -13930 -3060
12064 -12017 677
14722 -7970 4071
15038 -3312 6494
15320 253 7968
15363 4487 7687
13424 7464 8674
11179 10649 5369
10593 11266 7686
8730 9852 9840
6570 8532 11729
2971 6658 13102
-5013 4791 15805
-10838 -3075 11069
-12353 -8009 6191
-11910 -12572 432
-7491 -14217 -4354
-1049 -15600 -6340
4939 -13886 -4503
10970 -11301 -3644
14078 -9819 -2746
16726 -6356 -1069
16481 -4270 -936
16225 -3223 -890
16567 -2918 1291
16224 355 2634
15461 1047 3170
15015 2993 3970
15359 4980 3162
14183 4584 6360
11205 2636 9163
3922 4294 16780
-3421 4638 15262
-8024 3708 13376
-11753 -36 9622
-14428 -4931 7081
-12374 -10669 2558
-7690 -14808 -2246
-1227 -15413 -2892
4735 -14044 -2701
7919 -15009 -3384
9117 -13308 -1723
11355 -10577 862
13679 -10555 1901
14249 -8755 3552
14794 -5405 5859
15094 -1748 3660
16137 73 6445
14832 1664 7574
14486 1769 8174
13067 3267 9939
10196 2104 12637
5599 -939 14764
763 -3783 14973
-4002 -7882 14144
-6022 -9559 10194
-3361 -13494 6396
1289 -15720 3917
7416 -14276 2496
11516 -11249 1127
14145 -8154 191
15650 -5896 2818
17369 -5706 6675
15297 -679 1546
15744 1303 908
16810 2024 2002
17023 2114 3240
15504 -852 4257
14115 -4757 6932
10333 -9674 9710
3519 -11823 10667
-2723 -13709 7070
-3845 -14923 1681
-1116 -16252 -3698
3123 -14767 -6635
7023 -13818 -7188
11038 -12639 -4561
12693 -9957 -2845
15811 -7743 -2379
17074 -5683 -1467
16502 -5981 -725
15928 -3404 -1304
15304 -4126 -1547
15921 -6252 1405
14301 -9220 3547
11075 -11200 2735
8053 -12593 190
6900 -13323 -4326
7586 -10500 -7476
13036 -10797 -7808
15862 -9397 -2601
15834 -8372 7538
10552 -12342 8771
5182 -13763 7803
31 -12262 6459
-1892 -12115 8722
-1682 -8878 10162
-1034 -3805 13821
787 2187 14782
860 6454 13421
12 9422 13585
-687 11302 14707
-1361 8773 13373
-2259 7697 14855
-4538 -1760 15134
-5804 -8560 12036
-3768 -13352 8645
-2854 -15388 4835
-2449 -15310 3366
-1792 -15642 3524
-437 -14716 5894
829 -11624 7714
2105 -8075 11060
4439 -1135 13359
6723 4761 13150
3939 10016 14906
5821 8596 14613
4961 3018 15434
6508 -7247 9665
7613 -14677 9355
2192 -15253 1548
-5895 -14272 -3704
-13854 -7012 -9096
-8440 740 -11552
-10114 6108 -13151
-6361 11276 -14171
-833 7228 -12723
2111 7747 -14791
2302 281 -16092
2344 -4044 -15976
3866 -8696 -13463
6597 -11282 -10697
10397 -10815 -11964
6511 -10984 -13088
-891 -14271 -7703
1795 -16765 -3752
7971 -10492 -4276
11113 -9592 2713
12038 -4493 5545
14129 -80 8966
12339 7916 2667
8070 12026 1560
5408 13870 -1281
2256 15993 -416
-4034 18430 -2174
-11367 13432 -363
-7702 10721 -4125
-10031 5878 -11282
-10097 12187 1883
-4835 13659 -9813
953 12012 -11592
-2301 13442 -9790
-4553 14565 -10474
295 6827 -14409
-9654 8887 -10577
-15344 9563 803
-678 16726 6815
11446 10141 55
13257 6727 -10701
4762 3792 -15183
614 3417 -17003
-3879 6014 -20622
420 -3768 -22626
6166 -2476 -11610
15810 -5584 -5880
16016 -9140 -4599
17466 -12071 -1372
11718 -11338 -745
8168 -14712 -308
2397 -15738 -905
-2941 -14362 -3422
-8267 -13073 -5599
-8792 -11579 -3215
-13652 -7622 3472
-16508 -3452 5538
-16001 -5863 4714
-11450 -10610 717
-3950 -14734 -5165
4677 -13909 -9504
10909 -11891 -6429
12236 -6907 -5028
13382 -1413 -6295
15885 1331 -2761
15016 7809 -2952
14057 11133 3679
5733 10057 10164
419 10569 18801
-9328 3664 13893
-11162 -1551 9069
-10037 -12231 5924
-5496 -14388 456
-926 -13951 -4838
2520 -13155 -7660
8202 -10935 -9851
13997 -7396 -6714
16599 218 -6968
15152 2105 -5666
14554 2344 -797
14637 8537 -362
17069 6079 -5006
14512 4649 -5600
17255 3758 333
17897 -2411 -179
13812 -11932 1446
7634 -13542 2538
-4061 -13661 8309
-7294 -9489 9888
-8788 -6414 8250
-13465 -5754 2626
-14320 -7838 -7145
-9246 -10727 -12242
-5921 -12087 -12603
-1381 -14449 -9984
4002 -9357 -11806
2673 -9900 -12635
-3174 -11970 -12938
-5739 -14767 -5441
-4578 -13753 1303
-2510 -9918 8446
-2248 -4387 13008
-285 545 16076
208 7753 16636
3600 9775 13618
3878 9628 14772
1615 2456 14467
-1838 2482 18280
-6751 -3951 14766
-9797 -8088 8579
-6086 -14593 2929
-286 -16409 -1930
7791 -12265 -4653
13847 -9649 -4170
16918 -6522 -2825
17611 -1728 2061
15696 4590 5941
15207 5987 3869
14651 1036 3795
10081 -4137 12841
12707 -6701 2343
6867 -17726 649
-5184 -14895 -873
-10576 -4809 1064
-14177 -1770 6075
-13124 4229 9687
-8073 10724 7703
-9439 13288 8064
-7455 10741 6296
-7496 6714 13030
-4120 3634 16446
-1927 -2186 15108
3028 -8692 12454
5713 -15807 6344
-2877 -14112 1242
-13124 -9166 -2128
-15613 -2105 338
-13634 -3972 7889
-7548 -2819 12084
-2318 765 15302
3470 2735 15841
5795 585 16280
7836 -7029 7456
1648 -7572 8150
2995 -15004 11313
5185 -20263 16922
-6 -5510 -1419
1154 -15848 -6307
1130 -14251 -11870
2692 -5175 -15299
1450 -3375 -13623
-1874 9132 -18619
-498 13724 -4870
24 17336 -1613
-1378 17682 5945
553 12989 12813
1208 6870 13713
64 13085 12152
-1742 20604 4636
1220 16406 -4398
6991 10539 -13306
3638 4718 -14752
4040 -6074 -12427
3939 -13714 -5985
-328 -14786 -1422
-2866 -17608 2744
104 -9829 12090
4352 -6055 13160
5817 -3921 14717
2410 2497 15570
265 4908 16529
-5700 -2101 16662
-11402 -4341 8738
-16674 -2150 4732
-19218 1793 -3121
-5095 -2469 -10826
36 -474 -13025
6724 54 -12887
14045 -157 -10712
17773 -853 -6430
6355 -79 -17638
-7458 1068 -14886
-10228 1614 -12463
-15524 -4137 -2075
-16092 277 -132
-12687 1857 12498
-5861 1399 14608
2989 2593 15536
13487 3855 12673
14407 2293 4011
15199 5093 2136
16509 6728 -2475
17213 6222 -152
13256 3923 917
14328 6153 -2338
12249 8311 -638
11362 13485 2328
9042 17973 5085
-2409 19445 3305
-6370 18865 202
-11997 11372 -2290
-5598 10034 -4721
-7461 13530 -9196
597 13441 -6725
3914 14304 -9896
3400 14807 -13052
-687 13433 -12552
381 10258 -13507
8051 9616 -13767
5095 7404 -16814
6459 4976 -15563
4611 6996 -15381
-496 6816 -10640
-2424 12288 -5178
-7066 17291 -4063
6259 15107 -617
10304 12365 -4593
12155 14320 -5833
4097 14271 -7543
-3380 11977 -6231
-9641 10621 -2173
-8070 15749 3448
-1226 17966 8346
9570 14437 5146
10855 14940 1476
8597 14196 -5289
5492 14566 -8556
2793 14619 -10463
-3152 16139 -9377
-6510 17601 -7387
-4620 12212 -363
-2716 12074 2600
-1877 18830 10635
5172 15398 7038
9003 14870 3758
10690 13186 1964
9453 12452 -4956
9166 13318 -6545
5448 14433 -9027
1119 13116 -9183
-2317 11744 -7375
-8474 15830 -2668
-4717 14656 5368
-7643 12922 10326
-1486 15564 12795
7935 14878 16115
5991 4167 16237
-3260 -3231 21774
-137 -6029 11545
-2897 -12324 9862
42 -14248 6922
-143 -11619 -613
9969 -13671 -6939
7034 -14303 -7204
7641 -19823 2298
5155 -18656 7742
296 -16186 4972
-3771 -13615 1847
2927 -11940 -2070
9394 -14069 -4987
11321 -16673 -4290
2621 -15187 3458
-219 -14713 4531
-8700 -15994 -1542
-6762 -11254 -7196
-6432 -13098 -2998
-4851 -12606 611
-7832 -11059 1317
2260 -12947 2292
3094 -14763 -1918
-1749 -16698 -1292
211 -20148 -64
2858 -14608 9577
6747 -14908 3777
6330 -15261 5038
2455 -15418 2058
-598 -15149 -7137
8366 -15268 71
10038 -17606 4702
4129 -14456 5496
5179 -13407 3502
743 -17110 3214
667 -16856 -896
1793 -18213 296
8420 -19906 2119
8152 -13287 6148
8025 -12308 4606
4760 -8668 9990
5578 -2731 9421
-145 8334 12382
-356 12106 6711
-2599 15012 5311
1474 16604 -3006
-2151 19360 365
-4762 16638 896
-5422 15948 1511
-7830 15079 -925
-6366 15294 -1602
-4712 14092 -4248
-1478 15939 -5617
3103 15967 -8758
4975 14979 -6596
4006 14567 -7901
-1596 13700 -8626
-7528 16143 96
-5549 15153 1022
-2250 15060 3964
1209 16100 4551
2829 18443 3148
4090 16137 6237
6406 14486 3128
8370 13350 3514
8138 14060 -492
8515 15499 -3763
8618 14237 -3095
9376 14865 114
10180 13805 3669
7817 13055 7833
4370 10811 11436
2954 6840 15239
4462 3594 13785
3761 3827 15288
1518 743 15518
-4175 1295 14981
-12446 3210 9389
-14877 4145 5690
-10940 3461 10062
-46 4332 16681
9834 2826 8396
15466 1506 3386
15305 3262 -8133
13107 2802 -10807
15725 910 -8768
14827 3573 -6929
13219 7744 -4846
15680 6795 -2517
15542 6041 4961
12294 7081 8635
5890 11074 8424
-3586 13427 9394
-4921 11725 9644
-5355 10852 10945
-5897 6736 12886
-2609 218 14825
-630 -4934 14083
3238 -7065 14249
1504 -8671 12361
-459 -8898 13285
-1930 -8857 11949
2080 -12792 8125
4258 -12827 5556
2703 -14492 6476
5842 -15597 6723
5731 -13074 4301
3968 -16374 2571
2969 -15964 407
4113 -16612 525
2577 -15669 -2144
2630 -16592 -2117
5364 -15699 -730
1624 -17157 -2639
1280 -18510 3609
-1801 -16711 2725
-156 -15820 250
1303 -16937 -580
3613 -15635 -3323
1102 -14203 -5186
82 -15729 -4766
294 -15234 -8140
3814 -14899 -1304
6260 -15709 -60
8214 -13873 69
7462 -15140 1700
7057 -15158 712
6137 -12888 2051
3864 -14473 4067
-347 -14594 3490
1361 -14568 4418
60 -14183 6088
-36 -9565 9540
2860 -4904 13448
1710 -4180 14912
192 -3780 15535
-340 -3638 15900
-958 -3998 14900
-708 -3344 15007
-856 -2812 14762
-2562 -2931 12339
-10541 -1229 13458
-12702 -2318 7637
-16201 -591 1760
-16024 -648 -565
-15061 -2679 -179
-17471 1330 -4069
-15906 -1393 -3396
-15805 -983 -5973
-14267 -1617 -7829
-13579 -2632 -7083
-14159 -3075 -5423
-15312 -2620 -3015
-13707 -3680 138
-15317 -3273 6403
-14067 -3457 4863
-13336 -2845 1598
-15289 -2557 -1674
-17944 -2485 -4884
-17009 -1410 -4343
-15452 -3020 -1665
-14864 -1018 -1646
-16547 -4393 1796
-13903 -1881 1384
-15016 -2144 -7
-16536 539 -1594
-16167 617 -2136
-15842 896 -1842
-12918 1525 2096
-17386 836 -2162
-16916 -1159 -1868
-15174 2301 -906
-12652 -958 2334
-9060 -80 8937
-16209 -2652 7076
-13988 -1935 5062
-13855 620 4952
-18348 -6717 5324
-14542 -807 7809
-13520 4559 13711
-14354 5075 3549
-13230 6069 2964
-14471 4269 965
-11498 4033 -3577
-16734 8522 -7435
-9552 8079 -8044
-11244 5190 -8289
-13442 7055 -5188
-16851 7167 -2492
-16308 3060 4146
-13351 -1796 7409
-14762 -3064 4146
-15042 -3159 1735
-16570 -2997 -2098
-14362 -2935 -6673
-14198 -3574 3053
-14544 -4976 404
-15158 -4941 4785
-12746 -7394 7201
-8425 -13440 1705
-162 -12960 -1397
13138 -12580 -6713
12216 -6475 -367
1433 1540 16273
6147 2223 21593
1622 1207 18438
-3782 -8265 16024
-5533 -14222 6776
1164 -11293 -6206
10743 -10354 -7751
7711 -6847 6715
351 -3307 18213
-3464 -945 17495
-12125 -3502 8489
-7697 -11461 264
-254 -20650 -3752
-9238 -13155 -6215
-1036 -14147 -2068
-368 -16325 -4250
-422 -15790 -7292
-491 -9087 -6185
-6832 3333 -14791
-4619 5153 -12540
1105 13825 -20856
2921 17654 -4983
-1729 11953 -4143
3154 26107 1066
1594 15698 -1626
-1367 20032 -1658
-1756 14189 -1860
1979 16033 -463
30152 20931 -12832
9182 11893 -16585
14419 7296 -20101
1790 -11321 -11161
-3139 -11174 -6992
-5413 -7740 2713
-542 -7306 13205
12397 -5351 20390
13411 -1674 7326
18952 -159 6694
16202 4349 856
2014 6664 -6355
3667 12711 -7313
2447 11997 -1937
779 17551 10721
1864 14192 19771
-744 2507 26666
-6992 -7002 12162
-2688 -10588 4270
4366 -6954 -17394
4437 -10262 -16003
-833 -9291 1992
4133 4038 15843
1514 18515 2959
6845 27082 -4706
6506 16794 -14414
-4454 1377 -15866
2033 -11036 -4653
2035 -11150 -4240
-1969 -9594 1168
-5012 -8974 3137
-6171 11385 -2430
-5425 23855 -2651
4629 31234 1273
3919 17854 -1788
2464 16747 -1392
-11480 17425 -45
8158 13955 -18950
-6877 5197 -14138
-1482 -3371 -11183
16813 394 2441
16329 -1528 4574
487 4346 14343
-3247 13027 12550
1353 17465 25526
13821 3356 6794
15591 -6804 2314
15072 -1499 652
18286 -766 10013
14425 -3624 8532
14695 -3001 5395
12925 -8223 7259
11087 -10646 7796
759 -4669 15904
-3197 -9075 16299
-8183 -4968 8961
-6410 -588 -8004
-5370 -1256 -28846
-1983 -925 -21760
567 -5185 -23343
-6506 -14578 -19355
-6263 -8656 -3627
1550 -6705 9215
8534 -1975 10564
4981 6366 13232
1306 7980 11058
-7647 11910 12747
-14094 12489 13371
-10565 8659 6030
-21397 4780 4999
-9540 -4528 8089
3597 -10881 -6911
17391 -10797 -8977
15586 -8964 3110
9336 -1441 9471
7289 4606 14203
12585 12258 12952
12904 6013 8874
10161 1805 8373
9247 -7729 7724
7085 -11793 10620
10293 -12303 5183
10266 -5549 1828
10689 -2367 15507
-2798 2963 19039
-13732 -392 13236
-19720 2119 11928
1838 -3209 2313
9625 -11035 3828
14579 -10410 -15786
12299 -7413 -15497
2820 -7809 -87
4428 -2852 18262
-866 12097 19627
6883 15903 32767
5577 20332 15728
10311 8383 -12669
-13899 -1288 -32768
-12922 3263 -27763
16874 4521 11887
4085 3256 31336
4173 10365 13720
-14322 16325 12284
-20484 19995 24022
-6159 13110 16813
6187 -12016 -9275
4636 -13067 -11982
11708 -4362 -28458
-10419 6827 -4765
2130 23067 24385
-1311 26726 15997
9232 28415 23212
-7324 20428 31987
8265 2061 -14187
17749 -4084 2856
17170 -4817 8584
-4583 -1955 -5815
-10967 14494 -3036
2558 32767 32767
5791 24095 12884
-4519 18630 -3546
2129 17484 -17989
954 -5427 -11117
5836 -5877 -19656
5630 -3798 -11767
-25297 -10670 16864
-14424 -2628 480
-20281 8128 -17258
493 1830 -17574
7284 5312 -14839
7727 27761 -14482
16083 12322 9505
32767 31802 1395
5271 6024 6661
9967 -5280 14563
-1840 -1088 -6881
19938 -1761 -8185
32767 -3008 29654
-114 -5569 3122
-4500 -1803 -3273
3445 3426 30874
10884 10038 21020
17483 15638 13724
27868 13683 -1498
10460 -6082 3988
5461 -1964 -1872
-24101 4079 -13858
-14162 7603 -16788
-9350 -828 -9783
14780 -3469 814
10155 3884 1422
10831 14294 7143
10807 16645 19859
18483 15370 8851
-56 5094 17965
4527 13386 233
20207 18652 17750
16097 11063 10667
14058 3802 1495
11243 -1121 2786
2810 -1429 -4865
6436 1061 -14932
28987 5182 -4587
17933 1842 -4536
492 -9976 5418
6410 -7315 14075
13970 -1194 14307
20897 7917 11877
18046 13585 6419
22352 13308 -4315
15545 6427 -1024
15191 403 10647
3755 -2086 12454
-1749 -5355 16789
-5685 -7106 12831
77 -6597 4264
11393 -9878 3955
5961 -10776 5168
10591 -11949 3471
12195 -10495 2650
19783 -10433 -3393
7326 -11061 -7003
-1314 -11245 -16444
-13256 -5001 -10033
-17698 6246 2446
-11206 3246 19845
-8734 3640 5072
-10158 3258 14588
-8016 4800 13811
11832 327 18560
9788 -5012 13291
8941 -8973 8431
9391 -20793 3714
-216 -16505 1864
-4443 -14953 7071
-5973 -13653 8035
-5540 -8051 11717
-1561 -5502 17609
-3155 -1865 16855
-7457 -880 13666
-6975 -5984 15469
-1520 -7980 12883
-1329 -11160 11410
-5188 -13392 6075
-9225 -11491 5580
-10163 -6369 10047
-10137 -1048 10467
-8604 -208 13795
-8294 -895 17501
-9980 -1829 12142
-12131 -5721 10537
-11404 -7333 256
-9685 -10032 -5110
-8646 -10887 -9230
-7631 -9920 -10474
-8796 -7856 -12145
-5835 -3538 -14366
-5868 -2446 -17151
-9532 -3355 -9224
-11847 -9601 201
-11295 -10950 3825
-10661 -10795 3952
-10476 -10768 4048
-10274 -10778 4567
-10227 -10728 5040
-10237 -10518 5194
-10201 -10579 5443
-10142 -10532 5445
-9847 -10367 5466
-10229 -10393 5614
-9981 -10579 5710
-8588 -10458 3753
3525 -12191 8419
9525 -12293 8790
14069 -6476 7988
15271 -1709 9305
11303 2645 8190
11408 5204 14645
2153 7511 14931
746 5268 17022
-4895 -3753 13656
-2348 -15453 7371
5873 -14582 4671
10996 -12188 3441
15586 -7310 6093
12774 -2701 7802
12637 258 8705
9293 5978 10808
5172 6905 15688
-3346 6469 14072
-13489 1051 8157
-13697 -5808 3649
-10977 -11613 -1674
-1798 -16332 -4649
4615 -17106 -2094
12333 -13116 1662
12950 -5955 1740
15241 -454 6145
8818 5065 16737
2270 10130 13257
-1854 9745 15212
-4798 10777 -1872
-5022 11459 4235
3082 16464 2096
7257 14646 -3852
5173 16608 -6311
7862 20513 -5594
5348 18843 3819
2525 12033 3066
-1986 10238 8873
-3592 2639 12752
204 -2675 14780
545 -6888 14199
1367 -3388 15230
1318 -2713 16005
2362 -403 14863
1644 2383 15755
1147 3924 15797
1663 2763 15710
1018 2582 15557
1145 2206 15624
696 2085 16012
1101 2002 15818
1093 2190 15826
1207 2197 15497
1261 2147 15590
1460 2259 15792
3163 3271 14843
2502 1975 15269
2351 2311 15583
2226 1999 15573
1702 2176 15985
1545 2736 15646
-1021 3858 15280
-6242 2271 14048
-13435 1718 6412
-16742 2958 960
-15864 543 -3749
-15489 681 -4719
-15516 550 -4811
-15432 591 -4982
-15402 772 -4668
-15317 1022 -4884
-15092 873 -4778
-15110 834 -6064
-13847 382 -7856
-11998 1017 -12257
-7527 591 -15717
-3622 1827 -15891
647 2936 -17795
1408 3536 -17525
1436 3410 -17297
1648 3503 -17333
1874 3464 -17229
2550 3519 -17360
2533 3520 -17205
2398 3412 -16799
5636 4801 -14950
11697 2237 -12412
14826 2527 -8902
16534 2293 -5564
16488 1491 -4581
16460 1549 -3434
16750 965 -3720
16744 1086 -4203
16858 1089 -3981
16661 1365 -4680
16915 922 -6685
15692 -1340 -8179
13068 -3684 -10345
9838 -12406 -7368
8047 -14290 -5222
3045 -13985 -3495
-1020 -17623 -1842
577 -16595 1125
472 -16596 -502
1141 -16229 -141
1138 -16075 -227
1334 -15922 451
771 -15930 453
1340 -16919 -931
2886 -17329 -5905
5639 -10524 -10512
4705 -7300 -14774
970 -2361 -19902
-76 3194 -17220
-1826 8460 -16242
-2093 13549 -10918
-497 15451 -7256
-856 14900 -1811
704 17573 -159
663 16750 -1616
23 16682 -765
263 16928 -920
176 16343 -1400
444 16435 -2714
372 16061 -5119
-979 16513 -4762
-808 15798 -3830
-709 15965 -4714
110 16714 -3942
767 16781 -4179
467 16682 -3935
777 16184 -3380
2041 17055 -4828
1221 17222 -1169
4521 14551 1288
109 11572 11825
1740 2172 18819
-1144 -1964 17141
-1007 -1576 15672
-698 -2182 16600
-591 -1335 15441
-623 -1127 15441
-604 -1335 15182
-622 -1583 15898
-668 -1123 15212
-671 -1128 16075
-713 -1430 16630
-1319 1360 15342
-543 2934 15756
2480 7933 14450
10018 7649 14788
11987 4873 9431
12514 6347 4480
16094 6091 -378
14748 4715 -5122
16016 4773 -6274
16201 3871 -6987
16590 4778 -5057
15510 4462 -4559
15636 4902 -4966
15519 4684 -6585
15175 2855 -7324
17481 1605 -6261
16633 1948 -4146
15916 3071 -1732
15918 -836 6714
8885 -2822 11501
5166 -1830 14844
-1147 -2469 15778
-3206 -1361 15760
-6953 -2339 14639
-10530 -1515 9006
-14205 -1053 5107
-15138 -79 3560
-15596 88 4700
-14068 4911 7055
-7807 12002 3496
-1894 17256 2983
1738 16125 579
3579 16156 972
1449 16458 2165
1700 15763 1317
3631 16299 118
2387 15342 447
-4241 18079 -6670
-1897 17391 -715
-4390 17750 -2529
-6766 16774 -4623
-6666 11196 -6701
-8988 11638 -5735
-11225 6647 -7578
-14707 2621 -4926
-14776 4331 -7494
-14652 4153 -7032
-14354 4182 -6001
-14631 4460 -6268
-14383 4358 -5495
-14429 4601 -5521
-14465 4200 -5904
-14482 4815 -6600
-13656 5759 -6737
-13187 6294 -6541
-13292 3874 -5141
-16565 2743 2829
-13939 3427 4672
-12897 3533 7878
-12262 2053 11604
-10563 4404 12871
-11229 3665 11912
-12377 6222 8251
-15375 10233 -594
-6617 13006 -7617
-128 13667 -7821
4547 15015 -9756
7887 12717 -9390
10492 7397 -8430
15578 3926 -9090
15820 3803 -7732
15256 2808 -8045
15706 2560 -7442
15749 2306 -6962
15797 2729 -7608
15748 2929 -6880
16704 2683 -3908
16381 2392 479
15764 4344 4280
15127 1389 6633
14087 1324 6573
15005 4045 8160
11649 7522 6577
10418 11010 8488
9474 11215 8310
8994 11218 8248
7690 10901 9052
7740 8845 11906
5308 6565 13758
3731 8802 13963
1484 11832 10129
-124 14920 8819
-1347 15038 7244
-3041 14612 5974
-4473 15156 5850
-7132 13788 -264
-7543 15759 728
-9562 13929 -2049
-8664 12040 -2407
-10086 10915 -6558
-11524 11188 -6920
-11272 9338 -8491
-8846 8541 -11453
-7851 8963 -10974
-3805 8948 -11517