
968 -536 14057
2321 -821 15644
2000 249 15961
1445 -161 14952
2315 257 15032
4641 -544 13934
2521 -70 16939
1033 31 16525
2598 -252 16470
4642 -679 19928
1331 541 14614
874 177 15336
-1912 1611 15556
-5010 -300 15292
-7057 -735 13591
-12064 1071 11337
-12315 1274 7309
-14083 408 6165
-13136 -261 6413
-16498 -649 7523
-16228 -722 2679
-15168 820 -1269
-15637 775 -3011
-15785 922 -2866
-14285 1471 -2942
-15718 418 -3777
-16598 720 -2849
-15525 502 -3834
-14991 -499 -4924
-15667 -653 -5781
-15339 -165 -4574
-15355 -525 -4763
-15605 -329 -5031
-15742 -957 -6430
-13262 -1301 -9347
-11256 -782 -11570
-10230 -445 -13934
-7933 -95 -15417
-5059 -340 -16676
-2646 -36 -17444
1344 354 -17544
3756 -578 -17334
3482 400 -17444
3697 -1 -16692
3399 186 -16888
3614 -534 -17556
3063 -5 -18404
3847 548 -17506
5554 -205 -16770
6777 -195 -16628
7424 -45 -16375
6769 -1030 -16157
8050 -855 -15697
9513 -776 -14382
10663 -1509 -12722
13509 -1611 -11488
14796 -1752 -9135
15984 -1647 -4155
16635 -1052 -1042
17156 -618 3070
15436 -1113 4543
14678 -104 7391
13376 472 10508
12260 100 11664
11788 330 11535
12468 193 10889
14080 59 8115
16745 2723 6216
16056 985 4082
16478 605 1336
16750 285 262
17046 247 202
17230 439 -370
16562 226 -2222
16749 133 -3222
16802 626 -5138
15567 148 -7784
14194 -37 -9934
13222 262 -12011
11809 251 -13180
11105 333 -14103
9217 117 -14683
9668 -77 -15248
10202 32 -14536
10427 81 -14726
8555 1051 -13883
7905 410 -15215
7412 145 -16235
5920 334 -17117
2301 -612 -18933
256 -1669 -18945
-356 -1237 -17771
-755 -621 -18207
-1278 -398 -17769
-5594 -199 -16873
-7548 -429 -15964
-8932 -556 -14298
-9379 -267 -11943
-15197 752 -13153
-14036 -662 -8177
-14745 -349 -7031
-16089 -702 -2969
-15497 -179 -544
-15385 17 2720
-14889 221 6574
-11176 680 10902
-9064 922 11644
-8141 911 14878
-4037 2468 14200
603 1855 15406
3518 157 14233
3376 1175 14869
3207 1560 16290
3066 4136 15130
1092 8613 13942
1168 11116 12889
760 11995 10223
-247 14910 7749
-1756 15874 5999
-842 15208 3860
308 14736 2632
-564 16288 -1077
-721 16687 -2210
-462 16523 -5609
-302 16139 -6459
365 16166 -6798
767 15199 -9844
197 12909 -11361
260 11081 -12700
594 9507 -15169
582 7545 -15766
500 5770 -17466
622 3583 -16620
2298 792 -16739
2205 -1302 -17397
754 -3150 -17073
820 -3194 -17376
803 -2463 -17380
977 -2255 -17256
1139 -2411 -17581
1408 312 -15087
-1137 5523 -17166
-835 10186 -14351
-557 12497 -11609
-262 14361 -8358
1559 16074 -6163
351 17491 -3091
585 16902 -531
816 16432 1568
639 17675 3842
1366 14076 7866
1233 12791 8899
-462 11549 11514
888 9326 13827
-1012 8082 12924
-1118 7800 12042
-483 5366 14503
84 137 16069
521 -3942 15636
1630 -6626 14713
2432 -7823 13586
2515 -11176 12484
2743 -12088 10227
3636 -14188 5099
3727 -13764 1239
3470 -15712 -1884
2719 -15827 -6411
3628 -11724 -9375
2144 -9897 -13285
-327 -3779 -17306
-548 -1156 -16795
-1162 2754 -17450
-1971 5385 -18791
-1441 4377 -16997
-1653 3397 -16754
-2377 3691 -17260
-243 2997 -17336
1367 -308 -16535
299 -2741 -17675
1629 -6712 -15882
2555 -8526 -14251
5069 -10097 -13582
2395 -11409 -8905
4374 -10306 -16082
10129 -12247 -12413
2466 -12938 -8303
6335 -13016 -10621
6776 -12595 -8933
6529 -14204 -5890
7674 -14697 -2893
8056 -14085 166
8528 -14368 796
8868 -13491 1375
8993 -13590 1046
9158 -13604 996
9880 -13736 976
6529 -14016 -7315
5777 -13657 -7400
4246 -12309 -9857
-370 -11067 -13800
-1857 -10582 -13785
-2833 -10582 -13054
-5218 -10436 -12341
-10580 -9497 -9910
-11636 -9889 -6735
-9388 -12020 -4744
-10126 -11152 -2571
-10087 -12180 -383
-9419 -12374 1259
-8906 -11191 2095
-10415 -11226 1900
-11349 -10133 2600
-11712 -8461 52
-15188 -4391 -3029
-15069 -1052 -5647
-13964 4034 -8582
-11337 6763 -7321
-9612 12042 -7025
-6991 14306 -4542
-1688 15652 -980
-2975 19696 -912
2380 16276 2436
3725 16341 1680
3281 16211 2714
4376 16973 1503
5956 14821 -426
10217 13926 -2260
11667 12504 -3227
12645 10295 -4286
12559 10673 -4554
10225 11468 -2713
9323 15386 148
9605 15535 338
5044 15926 4043
2848 15140 1859
-1682 16124 5473
-5176 14916 3793
-8851 13499 -1555
-7321 12443 -8559
-6499 9995 -11631
-6805 9045 -13219
-6751 10866 -11802
-5444 13649 -8046
-3132 15585 -5111
-2071 16948 -886
-2482 15385 2468
-3750 14213 5778
-7924 9265 9213
-11586 4212 9499
-14315 -2140 7240
-14213 -4349 1058
-10162 -4612 -9305
-1135 -5352 -16910
-4680 -1066 -16054
-6124 4989 -16045
-8060 12080 -11377
-5673 14200 -7649
-7525 14053 -318
-7823 11572 5602
-7833 14636 11031
-8744 10872 9442
-9220 13032 7056
-13614 3055 10722
-867 5577 13821
-1536 4425 15712
580 -2129 16767
8394 -1207 11731
8176 -3304 13239
12639 -4262 10884
13854 -4774 8808
17056 -7284 3759
13951 -5876 -1269
15716 -5470 -2368
15439 -6565 -2304
14779 -6021 7753
1218 -2147 12728
-3876 2862 15073
-8206 3774 11037
-9431 4053 11375
-7154 1995 12931
-5174 -858 15476
-2117 -1572 15522
1760 -1690 15762
3132 -3741 14437
4772 -6844 11831
4679 -10929 11132
3771 -14277 9203
3174 -15542 3801
-39 -15623 -2130
-3908 -14581 -7322
-6678 -10428 -9588
-9553 -4247 -13843
-4129 134 -17926
-4447 807 -15810
-6939 5504 -13007
-7833 9497 -12176
-6390 14803 -6662
-3033 17197 -3013
3236 16363 4019
5675 13232 6373
8868 11221 11721
9368 8105 12081
11928 3093 12273
12536 206 9146
14151 -1737 -4009
11962 -4614 6486
12012 -7380 8380
11101 -7932 5874
9156 -9369 8658
9893 -12451 10367
4837 -14359 5847
3600 -15061 835
-1767 -12209 -5990
-5254 -9842 -10775
-6599 -1438 -15981
-5810 9833 -15017
-3251 11447 -8393
-2372 19124 -2282
-552 18211 2248
-1767 15359 7161
-3053 9298 12901
-1996 1976 16649
-3268 -3212 16230
-1007 -7595 12180
-2375 -11544 8350
681 -14152 5294
-1914 -14953 -2832
514 -13460 -9520
2504 -9057 -15317
5986 -5077 -16439
3679 -2682 -19272
2161 3559 -16317
3465 5421 -15664
3425 6754 -16800
5823 3663 -13134
10117 2034 -15681
9498 2787 -15265
10472 2964 -12445
12578 2506 -11427
13834 2089 -7212
15561 6220 -7508
13324 9418 -6364
13164 15356 -6637
8149 14854 2549
7229 15509 6561
2242 12332 12174
-2334 8794 16467
-5793 1774 16258
-5237 -2695 14412
-6811 -8334 7049
-3699 -8721 10865
-8275 -11834 6381
-11988 -11375 1594
-10103 -9817 -3372
-12514 -5310 -9996
-13813 -871 -14408
-12955 -2367 -14429
-10108 -8414 -6821
-2037 -13628 -880
2690 -14898 4953
6861 -10511 9487
7177 -6308 13786
432 3387 12285
2297 9510 12400
692 15642 6073
-1582 16220 -1489
-7307 14396 -9037
11639 8800 -7902
4842 6622 -17187
988 4426 -17174
1945 1046 -18272
20268 -2195 -14478
2690 -1121 -18276
-677 -1561 -18441
3068 1519 -16041
6986 -2103 -15818
6612 -2311 -14057
6658 -1031 -16868
1515 2243 -15214
-4658 5976 -14747
-1090 16719 -12062
-15063 24541 -9086
-8002 15125 8425
-5419 10676 3073
-4875 5837 15170
171 -160 17026
-5510 -1748 7350
-159 -2918 4244
2233 -7743 1989
-3252 -15989 -6658
-4543 -18577 -9835
10136 -1753 -7210
-10773 11148 13666
-2874 16492 12711
-3395 19985 3175
-5765 23224 -9310
-3738 14855 -10586
-1944 10782 -12848
684 8237 -16134
5125 -6390 -14877
-647 -4870 -15271
1213 -8222 -12535
-4350 -7795 -13152
-10179 -2892 -16212
-5612 -11535 -14202
-6077 -6823 -14107
-7277 -6211 -12458
-3894 -10488 -14030
-4016 -13500 -11848
-6195 -14517 -9117
-7484 -13998 -2291
-6761 -12869 -5402
-9185 -13777 -4045
-8313 -8792 -10125
-5803 -9860 -14920
-2339 -8802 -15123
-2368 -7678 -13729
3342 -7221 -13844
1982 -8805 -4801
9460 -8887 2998
-277 -2970 8671
-8800 13277 15800
-5545 9294 12339
-7958 7890 9890
-9644 6451 6155
-20006 11629 5993
-13809 7632 -2220
-15857 5194 -7567
-16122 8455 -13933
-9870 2813 -13756
-9292 -754 -13163
-9545 -7877 -10529
-6816 -11596 -9575
-4697 -14042 -4804
-2422 -14785 -905
-3611 -16281 368
-2291 -16031 5070
-3138 -15456 1638
-4004 -13106 -4556
-9581 -9421 -8516
-13414 -1068 -11807
-9193 5931 -12132
-7570 13700 -10881
-4094 16638 -2486
2670 15825 5833
7936 11743 9886
15127 7578 9252
13743 1652 7427
12104 -1461 8611
11154 -3273 10936
15381 -1654 8662
15238 1972 4932
13650 6727 6024
4416 10140 12921
-6006 10709 11693
-10145 8027 3703
-14667 4151 -2303
-16018 -1351 -5186
-9543 -4219 -9448
-9251 -2484 -13936
-1919 -8904 -16184
5805 -8997 -16330
6626 -10020 -8751
7480 -12429 -8831
9680 -15564 -13682
4604 -14601 -7238
3196 -18892 -3874
1393 -17106 -259
-459 -12669 1129
-2748 -10022 -5598
-3551 -15371 -1598
-643 -11622 -2339
-5591 -9215 5663
730 -12502 10958
2094 -1354 13800
4525 -626 15434
6126 2597 17038
4498 3909 20734
4733 1091 20226
6211 -3907 15402
8578 -9648 10796
6517 -12476 6297
6040 -14568 505
1932 -13200 -7914
281 -10765 -11270
1064 -8071 -14431
2377 -4528 -17314
2718 -7244 -21512
1186 -8198 -20316
232 -10977 -10809
-1740 -14529 -6380
-5807 -13224 -4761
-9174 -10220 3314
-11936 -6514 4054
-14190 -2823 7644
-17111 627 4302
-18135 2313 8335
-16248 -1827 7719
-10616 -6629 6287
-3066 -11779 3726
4514 -13262 2507
8450 -10957 -117
12740 -7366 2389
16025 -555 2543
20289 3887 5653
19146 4734 3749
14784 2186 2877
15979 4758 10449
15858 1872 11322
9161 -1116 16609
632 -3646 15517
-5065 -3295 15156
-8795 -3026 11653
-14345 -4514 13641
-12649 -6097 2441
-11615 -3241 -8375
-10613 -4267 -13987
587 -3756 -17678
8676 -2003 -18035
11707 -1384 -10628
17598 -3663 -2598
17010 -4415 10081
9517 -4992 18095
-3711 -5689 14000
925 -1256 15884
2326 2414 16483
7948 3414 15890
11858 2282 14517
14131 1568 8691
25878 2362 -463
16170 -1627 -1563
17652 -4667 -4695
13542 -2076 -10836
4311 -1003 -16242
-8906 2803 -14027
-13735 1268 -15746
-12163 -3258 -521
-5440 -4688 9499
-6319 -2093 12868
-915 -96 15707
7419 -366 11922
17300 1757 6906
18761 244 3708
20354 -2760 4408
13759 -8618 3221
7717 -13155 -2368
190 -11766 -987
3229 -18437 -4660
753 -12111 -10077
3199 -16916 -8195
2951 -11246 -14256
3991 -7023 -15390
4700 -725 -16370
4485 5605 -16222
-809 10722 -4418
-26082 12550 7785
-4451 13499 6585
-4342 10979 7915
-3595 17284 7485
-3582 16079 7748
-1342 17305 7163
-9848 14963 -1765
-12914 12208 -10306
-6661 4104 -6548
3704 15481 -19455
5966 -2558 -16074
4698 -10123 -14886
4891 -14273 -11339
-273 -16931 -1118
-1797 -13652 6284
-3053 -9850 13855
-6156 -286 14857
-7811 4921 14353
-11284 3566 14528
-14292 2253 9353
-10762 -6443 1512
-5349 -10678 -6653
-444 -9968 -9072
-4259 -8160 -10140
2158 -13847 -32768
2830 -1200 -17817
2215 -1983 -14560
3214 9616 -13749
-3932 12406 -1873
-8205 12544 2536
-1652 11409 5862
8021 15589 12388
10705 7505 10646
3679 5337 13142
1194 2295 13069
498 -1325 14101
-1428 -3524 16589
-6193 -3963 8468
2186 -1331 12914
6167 4672 12089
8875 11716 12361
12325 13512 6949
2863 15627 5674
2655 14811 9547
-145 14760 13909
4365 14841 8669
4413 5647 12615
9953 2949 9563
14298 -2014 9457
16075 -4686 6989
9199 -12918 -117
4846 -14894 2571
1021 -16781 4143
-213 -13089 5039
173 -12539 7889
-741 -10523 11505
4633 -7700 10883
4639 -5453 15504
2214 350 14146
21 6070 15400
-1505 10392 12734
-653 14107 12769
-1104 12077 12322
4151 9653 12477
8049 9248 8011
12030 8069 8950
14541 6693 7418
13000 5353 3841
14524 1713 2072
14560 8202 2491
15496 -2020 4499
5140 14742 9170
1798 12205 8543
-2536 8861 11281
-2728 8128 15210
752 3727 15667
5486 -2258 13714
9156 -4700 12932
10686 -5153 11523
12714 -8740 2091
10352 -12423 -459
9347 -13454 -1497
290 -16577 -63
5422 -15974 608
-28 -15334 1698
-54 -15468 1162
-2937 -16188 6430
-2850 -12444 11564
888 -10754 9381
369 -9629 14572
4286 -4814 13930
3410 -4209 16195
6814 3129 16444
7246 3967 12290
1965 10505 10569
3417 10913 13472
-3407 15154 12217
-397 8673 14472
-512 9641 13296
6365 5482 12527
12017 3277 11402
17454 535 9030
16024 -2275 2725
16855 -7304 -2386
15644 -10275 -7090
14465 -9729 -3073
10835 -5761 5335
5881 -3058 8116
627 4828 14015
890 11684 11713
-1379 14720 6905
994 15057 2720
-270 17251 529
854 15854 3683
4733 16346 9037
4227 11655 13130
1609 9278 8241
6294 6591 14063
6987 3224 15590
8771 -2359 13746
10289 -6474 12277
11254 -7717 4924
13319 -6588 454
16327 -6368 -402
17024 -1812 1017
15366 1053 6309
11810 -145 12522
7849 445 13548
2089 4038 15364
-1 10209 12067
3707 14166 9424
7328 9450 12932
6364 2871 15233
6246 -2346 13344
4536 -5521 12746
6088 -7052 12250
6609 -7750 11028
9670 -9163 8533
12508 -9004 2558
14817 -5204 -3057
17811 -3510 -2934
18371 -1242 -2373
15470 -4655 -1689
14368 -9002 -2569
9554 -9696 5006
7898 -9944 3703
7424 -5513 11349
6669 -4826 14529
1277 -1323 14415
-9173 4955 12425
-12784 -1480 7187
-17538 -4833 2170
-14150 -12481 -728
-7115 -14207 -1031
-1676 -16827 -1901
343 -13889 -3935
6966 -12964 -2403
9004 -12154 -6400
10472 -14157 -5209
9124 -13362 1828
4027 -12545 7241
5584 -10694 10408
6962 -7563 11038
9324 -2829 10297
12334 4045 10398
11785 4124 10840
13298 7706 1047
13415 10226 -1423
14301 13099 -6510
12769 7596 -9232
10934 9234 -8685
9548 8014 -6191
9330 7914 -7411
9492 8006 -8895
1693 16031 -5305
4098 17241 -4531
7668 14590 -8594
9919 6832 -13042
2460 -1325 -14896
1156 -6988 -13663
3684 -10380 -15454
7696 -11459 -7761
8562 -15245 -2335
7655 -13139 -6115
6095 -7684 -12345
5119 -11269 -12115
11353 -1029 -533
15773 -3075 12165
11421 6177 13348
4351 16198 12269
-162 17123 8159
-4973 18580 -3835
-1850 17429 -11046
1353 11653 -8966
10539 11849 -9603
10648 1520 -6581
13534 -9892 -3238
2997 -14780 -5863
5451 -10265 -7125
9957 -7207 -4817
9702 -1060 581
11315 9058 7240
8048 16311 8444
7994 20397 8788
4537 9516 11433
-457 18318 -553
-1613 19317 -3638
1715 18678 -5596
2277 10941 -12112
6568 9555 -13333
10376 9410 -7427
14688 -2896 -6884
9665 -7204 -8818
-1230 2640 -18027
6062 1069 -19787
10348 9735 -12478
19516 18954 -8406
13748 12906 -7005
12446 10591 -7087
7680 -785 -13056
5782 -2130 -17088
-2433 -12159 -9666
-3849 -15494 -7822
-7786 -11068 -7519
-8129 -13504 3250
-4814 -12188 -5936
3284 3487 -4765
7444 10356 -1212
7039 19145 11935
-3789 18985 10701
-21318 9485 11953
-22930 13054 -642
-13302 1783 -493
-13376 -413 -1418
-8647 -7351 -1873
-7289 -13137 -4518
-4300 -12498 -1583
-14728 7175 -1286
-10622 15294 -3702
-5118 14522 -963
-5730 14169 13705
2337 15561 25943
6739 18490 5589
8611 16924 -2141
6050 -2224 1324
1501 -8284 -8098
4533 -17466 -4772
10160 -25195 7305
4209 -9759 -2999
975 2920 -8594
9404 16138 -11211
6711 16167 3040
483 16865 5174
-3802 11789 5900
-8279 16613 4039
1400 27149 627
2138 22345 -1552
9829 26321 -2606
12169 16567 571
16299 2058 4719
12808 -6595 725
14351 -4060 -5976
15609 -5258 -8425
12398 -6318 -6242
9907 -8935 -8417
9625 -6463 -10402
9103 -3742 -12185
9535 -6507 -12048
5945 -7404 -12568
-2041 -1988 -13087
-2023 6218 -9067
-5205 13450 -19098
4450 18833 -12571
-281 12442 -5423
3305 14755 -6608
5814 15574 -4009
13725 12593 -689
16583 10661 -4177
15425 9237 -778
12076 9334 -912
8401 10335 748
7484 18159 -1161
997 18085 2632
-14864 23119 638
-11916 16328 -9113
-10114 10736 -15250
-6786 6883 -13354
-4206 -1210 -12414
-358 139 -16745
1892 2780 -14262
30239 9442 -11487
9029 6501 -14398
13890 4503 -7034
15506 -1496 4825
14529 -7410 6501
2826 -11688 2660
1499 -14032 -193
-631 -15866 -7886
-10918 -14842 -12225
-3407 -12349 -8483
2338 -9687 4297
14382 -1718 4858
14152 9478 1500
9021 16422 -697
394 17724 7775
-5758 14194 10437
-8410 5792 11268
-9907 2210 7045
-8256 3915 9273
-7235 14910 12035
-2769 17884 4018
-1483 16127 -6704
11688 12630 -11877
13618 -387 -7058
14235 -7321 -9086
9474 -10917 2945
9669 -14613 4568
11086 -11288 2335
14971 -4967 7564
13883 5078 9849
13457 6632 10139
11773 2059 11880
8420 -8319 9767
1661 -13592 1221
-3633 -12843 -5944
-12803 -11197 2030
-9642 -2780 13034
-1464 -2338 16248
6039 7770 8695
5183 16043 23523
5755 14105 -2838
8142 10294 -10756
14718 12202 -2794
18304 9060 -6037
16917 3302 -6144
6855 8180 -32768
13809 -2266 -10238
12541 -4173 -8841
8618 -4084 -10342
6978 -15369 -9145
6507 -19187 -3149
5843 -19093 -11372
-2930 -17491 -3241
5513 -6476 2942
7683 8613 5945
-10279 12210 3562
-5594 13965 -684
1859 16202 8480
-6449 18592 3514
3122 22713 8285
20414 19909 4289
23727 13023 8994
-7012 -5945 -359
400 -6627 -10748
11782 -10270 -2400
-10456 -6008 -24325
-7062 -6229 -16750
-11537 -4138 -16648
1996 -6790 -3589
4951 -6886 12487
12561 21530 13062
2932 20665 12194
-2934 22285 3897
-7840 18625 15379
4015 21604 7486
10179 16135 12123
609 7025 16246
5827 3745 12742
6814 -6425 13308
-3918 -6860 7028
-9139 -13421 1281
-12553 -15163 -4639
-5132 -10499 5684
-2208 -5146 6955
-6708 -8934 14732
-9065 -4373 16337
-9753 -3918 10531
-16491 -801 203
-11366 6495 -18742
7555 460 -20984
9794 -5179 -11212
8546 -7794 -7926
11929 -7845 1669
14863 -7023 5074
17645 -7768 5342
12046 -9425 -1398
1381 -13099 -7260
-7245 -10939 -3489
-15973 -4614 2724
-16408 2278 5180
-12253 7642 5013
-8763 11248 2773
-5323 13611 2149
-2382 13759 7755
-4110 12266 9373
-259 12887 9605
-3669 13294 6334
1675 10567 9217
3370 16727 4118
4420 15389 6952
4014 16194 11190
3699 11920 12114
5706 2412 12528
8160 -3574 13348
6926 -7927 8938
6938 -11969 4397
4782 -14513 -6549
2433 -10503 -14328
2690 -11204 -17349
2161 -13972 -9226
-1693 -13177 2220
-8085 -9049 7132
-11763 -7995 9555
-5550 -88 12182
-1197 2083 18766
-1676 7650 14955
-5271 12320 12628
-9204 13003 8074
-15763 15336 8735
-17202 -8772 -554
-16975 -9203 3847
-8035 -12593 -4188
-405 -14195 -5282
12046 -11900 -12812
7023 -13365 -7643
4662 -13102 -7334
3357 -8999 6580
-967 -8231 8931
-14805 -5777 13470
-5396 -1068 12612
-4068 -1289 14111
-9191 2655 16038
1722 99 17436
-1550 -1751 16104
-1588 -7119 16218
137 -9738 11876
1376 -12210 11575
2630 -12511 10425
5168 -13266 8738
8160 -12496 1550
16151 -11612 -1295
15492 -5278 -3201
16489 -3273 609
17230 -347 1558
15688 4696 4613
14193 3082 7152
11467 5270 7293
9336 7401 10565
12024 6456 9918
11486 5721 10944
11063 1398 10617
12989 -3732 9976
10799 -10140 6237
8773 -10984 2543
5670 -12216 -8253
9647 -13551 -8507
9502 -14345 -4430
6641 -13183 -3303
9331 -10868 -8586
10432 -10855 -13562
11600 -9066 -11337
10674 -6539 -12528
13502 -3309 -6631
16271 -1845 -498
14122 805 8728
5892 3407 16327
-6332 3406 12841
-13767 3613 5952
-14135 3331 -413
-13863 1425 1352
-18251 1024 15026
-7128 348 13037
-7437 787 12293
-12376 1366 9417
-16146 3627 5537
-13871 7748 1146
-10824 10031 646
-8455 15130 -293
-7756 15778 631
-8060 14456 2981
-6021 14650 3658
-4040 14793 2214
-5418 15185 2470
-4466 15085 2817
-3950 15715 2317
-5074 15709 2692
-5414 14468 2853
-5885 14559 2820
-5631 14621 3196
-5183 14293 3353
-7532 14579 4761
-10494 9774 6343
-13070 5598 9224
-14175 3042 7853
-14013 -3417 8968
-10332 -7529 8108
-8419 -9813 7851
-8680 -10106 9911
-9614 -9811 8696
-2897 -9499 10080
-591 -10956 11663
3011 -11772 12938
5557 -10480 9561
8633 -12795 7224
8181 -12233 4009
10915 -11119 2464
14104 -8398 -2254
14987 -3809 -9890
13090 4049 -10397
12590 7494 -9219
10379 11950 -5389
8304 14017 652
2447 17056 945
-3130 16351 3814
-5745 13946 309
-6362 12801 -3209
-9023 12532 -1874
-8601 9670 -5027
-11777 9055 -4313
-11597 9374 -3450
-17918 4568 -1197
-14800 -2703 4358
-13284 -9593 6118
-8633 -11536 3861
-3220 -14947 904
7554 -13875 -3782
10639 -7984 -8010
13372 -3083 -8787
11502 7605 -10180
6827 12116 -7290
6610 13497 -1269
9173 14861 -2907
7476 19829 -4743
4366 14224 -5003
5934 15776 -3504
5997 17318 1293
7141 15674 7407
5754 8792 12590
5783 2996 18109
5407 -3322 14626
4491 -10044 10569
-1941 -12079 401
-7050 -11103 -2718
-17818 -2576 -6544
-16179 8539 -2209
-12267 12815 -1073
-7866 16795 -1550
-3489 18851 -2625
-1748 14142 -7650
-737 11707 -16218
-9734 9277 -11297
-11309 4140 -9660
-3821 -3284 -9213
-11542 -2462 -8201
-14769 7463 172
-7514 13869 10280
-1511 15089 9290
4276 16480 9517
12421 12331 10765
16501 7327 2790
15791 1256 -755
14413 -2315 -4949
10481 -8188 -11986
3726 -8504 -14745
801 -12255 -13635
2731 -11994 -5285
6970 -14673 5203
10882 -6181 10267
12367 2117 11840
12842 8282 9401
8319 15968 4589
-880 17894 2350
-8699 15284 4946
-14190 5922 4185
-18899 2696 4556
-11616 -2596 -2007
-12816 -4858 2822
-14366 -933 6629
-13879 -622 12338
-7382 3407 14236
14377 3856 21139
641 -368 10010
10460 -5229 14426
16528 -8326 5190
4893 -10820 -1782
4481 -13542 -4542
-3797 -13212 -7142
-14364 -6075 -5501
-15382 1709 -7609
-11329 6835 -15742
-5244 7565 -14841
1061 10929 -12875
2577 15910 -10949
4216 13597 -10148
9427 9334 -10246
16127 3963 -2139
16622 681 5144
10358 -5346 11931
6754 -9936 12431
3686 -11050 4599
1260 -13296 -7244
3625 -11543 -14042
119 -5647 -17709
3156 -114 -13559
13663 4914 -12717
14407 6707 -11586
10882 5286 -12949
10585 3223 -13213
7492 -811 -14548
7490 -3062 -14564
7086 -8775 -11552
10948 -5327 -10378
15369 -2045 -6784
16981 2087 -3777
15455 5856 -1462
15912 5599 3590
10166 6730 3465
13472 9115 4254
15389 8312 2243
15949 7756 -1817
12733 9160 -3851
10401 12614 -3851
9573 10821 4535
4814 11777 8710
-1005 9938 12414
-8103 6928 12665
-12613 4592 7373
-13476 -2121 2415
-14159 -6282 3017
-12187 -7070 1460
-9211 -8562 3312
-9745 -13994 4572
-1171 -14271 5265
-183 -14373 14917
402 -10976 6976
1702 -4793 10538
7274 2441 16297
10444 12830 7972
9624 15708 3929
10424 17592 45
2013 15338 -11519
-3703 10632 -13961
-8738 3322 -15547
-11342 -7635 -10054
-11269 -11125 -3443