
3 63 637
3 55 619
-5 57 621
4 56 630
9 63 627
38 68 638
38 68 638
129 93 633
212 90 588
269 73 539
294 90 450
270 144 336
270 144 336
187 185 297
127 221 355
57 237 459
14 186 574
14 186 574
-11 111 595
-39 31 609
-61 -39 559
-98 -60 492
-120 -30 450
-120 -30 450
-137 17 401
-87 157 359
36 228 396
143 235 457
204 186 488
244 148 520
244 148 520
264 118 502
269 149 459
203 209 431
148 238 444
50 242 462
50 242 462
-37 193 499
-81 163 493
-101 137 461
-108 118 374
-69 121 305
-19 193 329
-19 193 329
51 229 351
122 236 354
183 221 349
226 190 360
252 148 380
252 148 380
267 141 367
252 150 318
175 197 309
110 230 398
110 230 398
74 234 490
91 175 583
-18 158 570
-96 106 524
-121 97 479
-121 97 479
-123 99 413
-109 133 383
-63 183 379
-32 222 414
21 227 467
21 227 467
91 231 507
165 209 499
205 195 471
228 174 450
204 216 430
204 216 430
143 235 443
83 239 483
31 227 517
-14 154 558
-14 154 558
-57 101 571
-103 55 537
-126 30 478
-135 55 427
-111 127 409
-111 127 409
-42 194 418
0 220 428
79 227 487
146 204 500
192 188 506
192 188 506
218 182 492
162 224 476
99 231 485
17 211 505
17 211 505
-37 169 533
-83 109 515
-120 68 456
-121 61 443
-125 81 397
-125 81 397
-105 101 385
-72 158 364
-36 206 382
18 228 428
126 216 506
126 216 506
188 162 552
242 128 538
251 141 459
227 199 425
125 229 447
125 229 447
36 226 482
-39 199 475
-49 193 469
-1 217 463
-1 217 463
132 230 438
236 160 424
292 50 468
271 -29 515
209 -77 567
209 -77 567
131 -81 591
50 -82 604
-39 -55 581
-91 -45 515
-113 -45 461
-113 -45 461
-103 -49 489
-92 -52 528
-72 8 566
14 128 606
14 128 606
91 197 555
187 203 489
255 149 425
292 64 416
282 -42 444
282 -42 444
245 -95 465
206 -126 494
169 -139 511
118 -144 536
55 -137 551
55 -137 551
0 -128 538
-48 -112 514
-75 -113 483
-62 -100 534
-62 -100 534
-48 -32 576
-56 52 592
-37 119 581
39 181 565
137 219 525
137 219 525
219 179 475
274 106 468
291 27 465
286 6 490
252 -38 540
252 -38 540
201 -81 555
145 -89 593
87 -97 593
33 -101 577
-4 -96 566
-4 -96 566
-36 -82 554
-53 -77 547
-16 -42 602
26 12 630
26 12 630
88 84 638
152 136 590
235 109 561
270 44 544
256 -48 540
256 -48 540
208 -104 536
152 -114 566
101 -125 555
35 -131 551
-19 -135 509
-19 -135 509
-18 -144 486
22 -158 504
82 -136 552
157 -55 601
157 -55 601
212 48 592
255 83 533
297 33 469
297 -17 447
261 -73 471
261 -73 471
212 -126 508
130 -164 492
74 -172 492
58 -176 456
46 -170 450
46 -170 450
80 -174 466
138 -166 490
200 -124 514
241 -117 469
241 -117 469
203 -137 431
145 -165 437
110 -150 534
117 -89 599
187 -5 609
187 -5 609
208 60 606
168 80 628
81 61 641
-25 43 623
-72 36 574
-72 36 574
-102 36 516
-122 38 492
-100 58 530
-20 78 604
92 112 630
178 112 602
178 112 602
237 109 567
248 94 556
238 90 576
205 77 607
138 54 634
138 54 634
2 54 630
-72 32 584
-77 53 559
-19 71 607
-19 71 607
136 50 628
263 59 537
255 155 455
146 214 386
-6 208 336
-6 208 336
-65 155 329
-108 106 348
-99 27 303
-35 23 223
50 8 200
50 8 200
112 -46 222
143 -105 257
128 -84 234
218 118 270
218 118 270
297 95 397
289 33 467
240 -32 544
100 -80 608
-57 -71 543
-57 -71 543
-129 -21 487
-141 51 435
-121 127 433
-55 187 369
28 180 282
28 180 282
19 93 217
-9 59 219
-58 -10 238
-87 -21 281
-91 15 277
-91 15 277
26 26 200
24 164 270
-77 157 477
-111 -45 515
-111 -45 515
-74 -116 382
-35 -53 259
-31 -7 225
1 -27 215
78 -130 280
78 -130 280
91 -189 413
145 -177 439
176 -158 488
238 -110 494
291 -37 497
291 -37 497
286 74 474
263 129 493
192 168 544
89 197 565
89 197 565
137 197 555
241 153 503
299 57 447
280 -68 446
194 -148 488
194 -148 488
61 -177 461
-36 -146 448
-94 -92 424
-124 -44 470
-108 30 522
-108 30 522
-71 131 527
80 204 532
188 188 504
263 143 435
296 36 416
296 36 416
269 -73 399
180 -164 432
46 -180 448
-20 -158 458
-47 -143 435
-47 -143 435
-65 -131 397
-58 -136 444
-2 -154 506
159 -135 533
266 0 546
197 89 611
197 89 611
112 156 614
71 223 517
65 239 351
121 165 235
121 165 235
186 132 252
236 104 266
216 86 250
207 147 273
229 171 409
229 171 409
205 167 517
123 141 603
33 115 617
-64 70 578
-103 39 521
-103 39 521
-100 24 540
-68 14 590
-3 89 625
116 176 592
116 176 592
228 162 516
296 56 476
262 -76 486
176 -142 494
50 -152 528
50 -152 528
-40 -110 530
-42 -108 536
68 -130 578
196 -84 572
290 32 498
290 32 498
213 191 467
73 231 523
-29 175 553
-109 105 515
-109 105 515
-123 99 463
-104 130 470
-34 166 552
29 161 603
177 109 605
177 109 605
267 111 517
222 188 456
58 244 466
47 205 541
23 149 601
23 149 601
-7 95 619
-20 56 620
144 16 644
176 26 612
176 26 612
176 32 630
216 60 596
293 81 453
284 60 370
250 64 290
250 64 290
193 93 239
37 71 223
-47 57 265
-109 59 383
-93 63 527
-93 63 527
-47 67 589
-116 74 488
-97 31 311
26 -10 216
143 27 219
143 27 219
274 48 330
293 83 447
275 77 527
163 53 635
163 53 635
131 45 645
41 53 647
-33 77 617
15 121 621
34 214 542
34 214 542
22 240 418
17 175 273
37 19 191
26 -92 236
4 -154 336
4 -154 336
8 -170 388
-9 -9 223
10 136 244
18 210 310
8 232 402
8 232 402
-4 188 560
-17 85 621
-30 -24 626
-19 -115 549
-19 -115 549
-63 -121 497
-78 -112 444
-56 -114 502
-78 -118 424
-105 -89 409
-105 -89 409
-131 -19 407
-141 63 427
-113 121 357
-71 153 327
-59 141 281
-59 141 281
-40 112 258
-48 60 226
5 97 215
-14 104 230
-14 104 230
27 59 203
66 -32 212
86 -6 198
92 10 200
59 97 211
-27 171 301
-27 171 301
-115 133 419
-116 -12 344
-64 -68 294
-46 2 236
1 145 253
1 145 253
-12 192 308
-103 139 449
-127 33 487
-133 -21 405
-109 -33 311
-109 -33 311
-76 6 246
-33 101 241
-32 122 256
-61 127 293
-61 127 293
-102 152 368
-108 110 490
-130 38 482
-124 -32 382
-102 -52 310
-102 -52 310
-56 -6 250
-19 37 219
-11 73 213
-57 97 267
-101 135 355
-101 135 355
-89 149 517
-102 78 532
-80 40 582
14 60 644
158 112 622
158 112 622
200 94 596
258 60 560
283 -31 499
257 -83 491
257 -83 491
265 -37 507
266 30 538
258 122 522
256 74 558
249 -57 537
249 -57 537
245 -95 505
244 82 558
240 158 482
209 189 313
233 209 373
233 209 373
221 167 497
197 121 589
225 103 581
262 130 496
262 130 496
294 46 506
236 -38 576
197 15 625
245 131 547
277 123 439
277 123 439
293 33 457
253 -11 555
220 2 592
203 123 579
259 129 499
259 129 499
293 59 479
262 -40 542
202 -60 582
144 -16 626
144 -16 626
28 -10 630
-106 48 542
-146 54 416
-130 8 340
-126 26 324
-126 26 324
-126 58 342
-129 55 357
-130 48 334
-119 11 329
-122 -28 352
-122 -28 352
-110 -74 388
-103 -83 407
-108 -66 350
-115 43 309
-115 43 309
-117 77 343
-130 84 382
-128 72 400
-131 61 425
-132 46 446
-132 46 446
-139 29 457
-129 19 445
-130 8 434
-119 19 451
-129 -3 475
-129 -3 475
-121 37 493
-101 25 547
-64 32 598
-46 24 598
-13 61 619
-13 61 619
-16 152 580
-33 211 455
-20 218 456
-32 96 596
-32 96 596
-24 -56 598
-27 -141 471
-38 -126 346
-24 -138 342
-52 -130 374
-52 -130 374
-81 -105 379
-82 -114 438
-68 -114 488
-114 -40 492
-127 59 469
-127 59 469
-132 74 476
-105 89 511
-37 101 587
44 82 650
101 35 655
101 35 655
114 52 640
143 79 641
181 75 619
219 33 601
219 33 601
227 -1 605
230 -22 602
244 -46 562
268 -28 544
263 -47 545
263 -47 545
272 -72 460
262 -78 404
262 -78 390
292 -58 366
290 12 374
290 12 374
282 6 356
267 -21 315
270 46 302
270 98 318
270 98 318
271 73 293
259 -53 347
228 -118 406
222 -130 430
219 -125 461
219 -125 461
221 -107 521
233 -23 581
237 35 589
213 23 601
173 3 621
173 3 621
73 7 649
47 13 643
35 39 641
35 41 643
35 41 643
29 45 647
31 39 641
19 99 619
16 188 558
-3 229 465
-3 229 465
-7 223 441
-14 230 406
-12 228 384
-2 222 358
32 188 284
32 188 284
49 199 281
74 202 292
102 212 330
141 235 383
141 235 383
125 243 385
73 247 413
20 234 392
29 237 425
37 227 463
44 230 496
111 199 545
111 199 545
188 174 502
179 201 473
172 200 440
172 208 420
172 208 420
165 203 411
170 216 376
181 195 387
206 188 416
217 141 531
217 141 531
151 143 569
73 169 581
31 179 555
-7 177 569
-18 180 548
-18 180 548
-54 196 464
-47 209 397
-7 179 295
47 169 269
47 169 269
116 178 256
105 177 243
8 174 270
-42 210 388
4 214 506
59 217 553
59 217 553
115 209 543
141 197 537
140 206 526
119 199 549
92 196 558
92 196 558
128 182 578
249 79 561
258 -78 488
170 -118 570
-2 2 622
-2 2 622
-51 -9 583
62 30 640
221 41 599
291 -11 469
291 -11 469
255 -79 491
161 -21 635
10 62 636
47 175 575
206 186 524
206 186 524
281 59 535
288 102 480
284 98 464
286 130 384
236 174 322
236 174 322
178 152 260
80 136 246
-49 65 271
-107 9 359
-107 9 359
-120 64 366
-88 96 350
-89 -1 333
-60 -24 282
-55 23 277
-55 23 277
31 -3 229
202 4 262
269 123 345
217 201 457
152 154 606
152 154 606
107 5 653
106 -80 608
93 -157 525
41 -149 331
-43 -85 303
-43 -85 303
-74 -90 424
-38 -34 550
59 -59 603
240 -14 534
265 -19 353
265 -19 353
196 -54 262
256 -22 316
257 -3 521
55 -35 619
-112 -56 434
-112 -56 434
-9 -35 231
191 -55 257
278 -40 462
265 83 519
265 83 519
214 170 486
76 218 372
-71 -35 289
-130 42 368
-136 50 378
-136 50 378
-96 62 316
-7 9 229
120 -38 226
128 -174 400
116 -68 612
116 -68 612
40 62 634
-20 118 582
-69 33 569
-19 -111 529
-19 -111 529
33 -133 551
62 -126 566
116 -100 602
173 -73 599
203 3 621
203 3 621
187 43 629
236 44 592
295 83 447
252 92 282
207 81 233
207 81 233
235 81 265
277 115 377
241 69 575
81 9 649
81 9 649
-52 -8 600
-104 34 538
-116 64 514
-103 131 505
-16 216 496
-16 216 496
214 160 544
291 -11 465
234 -92 526
113 -17 637
-58 8 596
-58 8 596
-92 -82 478
-13 -141 519
56 -114 572
137 -59 629
167 -117 563
167 -117 563
99 -103 597
6 -14 630
-12 190 540
33 231 487
33 231 487
230 188 358
279 11 343
251 9 309
236 136 510
97 73 645
97 73 645
-36 46 612
-33 95 599
225 107 567
222 160 296
236 156 380
236 156 380
169 57 623
-53 -45 547
-94 76 560
-36 176 532
-36 176 532
201 139 577
294 30 426
298 46 434
270 84 522
61 157 619
61 157 619
-106 102 510
-100 32 458
96 -20 642
302 38 444
305 -1 471
305 -1 471
274 162 384
68 228 534
-130 84 444
-126 -28 408
-126 -28 408
-9 -159 407
111 -153 295
179 -117 259
254 40 276
216 142 258
216 142 258
150 104 202
40 0 194
-94 12 284
-123 -17 463
-5 -11 627
-5 -11 627
171 -87 603
285 37 535
250 42 310
171 -151 449
280 -54 396
280 -54 396
240 156 304
84 78 644
-60 -16 580
-37 -153 453
-37 -153 453
131 -175 443
287 -5 385
196 178 294
223 107 257
261 -81 351
261 -81 351
201 -99 563
17 3 639
-115 57 535
-110 0 530
-98 -6 562
-98 -6 562
-54 2 602
78 -94 608
208 -124 524
287 -15 379
287 -15 379
192 -62 252
154 -140 338
260 -38 320
274 114 498
148 28 644
148 28 644
-32 -68 588
-95 -95 469
-67 -125 411
0 -132 548
116 110 642
116 110 642
211 153 571
288 112 498
309 15 423
280 -54 412
257 -79 381
257 -79 381
245 -77 337
219 -69 287
200 -20 240
154 86 200
33 213 327
-48 194 490
-48 194 490
-37 197 509
-38 178 548
-8 66 636
62 -48 638
62 -48 638
104 -82 614
237 -55 569
244 20 586
185 93 615
135 65 641
135 65 641
59 29 645
-11 79 621
3 115 609
82 134 620
159 109 609
159 109 609
195 141 579
135 173 581
36 132 608
-14 124 604
-14 124 604
-8 148 582
30 184 566
94 242 488
138 234 380
156 216 320
156 216 320
139 207 305
80 186 282
31 159 267
43 189 307
128 228 488
128 228 488
159 199 545
146 200 548
155 201 557
144 188 556
144 188 556
146 188 564
152 182 558
146 180 566
145 185 565
143 179 565
143 179 565
166 124 604
180 -70 594
129 -101 583
2 -102 578
-52 -86 542
-52 -86 542
-71 -59 549
-72 -10 576
-17 61 621
189 89 623
260 20 554
260 20 554
225 -49 575
144 -84 600
49 -61 617
-47 -45 583
-47 -45 583
-92 -12 544
-80 108 556
14 210 520
139 231 461
262 152 432
262 152 432
294 52 476
273 -37 517
189 -83 577
90 -38 636
-36 42 618
-71 125 547
-71 125 547
-107 131 461
-122 88 396
-105 45 321
-75 3 271
-98 2 276
-98 2 276
-124 20 372
-135 77 427
-80 118 548
53 85 641
53 85 641
71 49 657
51 37 645
20 56 642
-27 71 619
-35 69 601
-35 69 601
-23 73 611
-19 69 621
-17 77 625
-18 74 622
-11 71 619
-11 71 619
-22 76 624
-12 84 622
-6 72 624
-9 75 623
-9 75 623
-18 60 616
-16 70 628
-17 75 621
-13 105 611
-23 169 563
-23 169 563
6 238 440
25 203 331
11 201 317
11 201 321
19 205 313
19 205 313
18 198 314
19 199 315
10 196 298
11 185 281
11 185 281
23 131 237
10 54 212
-7 -15 223
-18 -36 236
-9 -41 235
-9 -41 235
-16 -52 236
-29 -49 235
-17 -59 241
-15 -57 243
-10 -94 262
-10 -94 262
8 -156 362
9 -177 427
18 -172 450
14 -166 460
14 -166 460
16 -174 460
13 -165 453
15 -169 455
10 -168 434
34 -170 402
34 -170 402
114 -168 358
191 -141 335
218 -116 332
269 -35 339
272 -30 354
272 -30 354
280 -38 362
262 -28 360
268 -32 360
269 -25 363
276 -30 346
276 -30 346
233 -61 293
122 -62 238
70 -40 216
-15 -1 221
-15 -1 221
-96 2 292
-125 -7 371
-129 -23 443
-111 -21 505
-110 -14 492
-110 -14 492
-109 -17 505
-106 -16 494
-111 -9 487
-128 -4 456
-128 -6 448
-128 -6 448
-117 -5 455
-124 -16 452
-119 -7 473
-121 -7 473
-112 -26 470
-112 -26 470
-110 -22 470
-92 -24 514
-40 -2 588
133 37 609
133 37 609
190 40 580
186 44 584
181 39 593
180 44 586
187 39 587
187 39 587
184 42 584
182 38 588
172 38 588
150 38 590
135 35 611
135 35 611
104 -4 614
105 -77 593
100 -142 512
94 -162 434
94 -162 434
115 -145 351
121 -143 345
114 -152 364
121 -157 369
115 -149 371
115 -149 371
132 -148 354
133 -141 343
147 -139 369
149 -151 391
166 -132 502
166 -132 502
190 -76 552
198 14 592
195 61 587
198 100 576
198 100 576
197 153 525
172 190 486
175 189 479
165 191 501
55 195 537
-59 137 529
-59 137 529
-101 61 517
-105 63 527
-83 71 549
-92 60 522
-89 49 527
-89 49 527
-105 71 499
-110 88 494
-105 109 477
-84 132 432
-64 164 470
-64 164 470
-36 190 412
-2 202 416
-14 204 422
-8 204 450
-13 207 447
-13 207 447
-14 204 448
-8 202 452
-15 203 441
-19 195 433
-34 200 440
-34 200 440
-15 193 489
17 159 545
17 139 577
22 98 610
22 98 610
35 75 619
32 100 608
-12 140 566
-86 138 448
-123 29 417
-123 29 417
-116 -16 402
-70 -94 404
-34 -130 418
4 -140 418
1 -139 411
1 -139 411
-2 -146 418
-2 -152 422
-3 -137 417
-10 -132 448
-10 -132 448
1 -123 507
12 -92 566
26 -90 570
20 -78 572
-53 -37 553
-53 -37 553
-70 10 554
-76 24 544
-72 22 548
-61 43 571
-32 58 586
-32 58 586
-32 86 566
-66 118 522
-74 126 484
-67 151 471
-66 164 438
-66 164 438
-30 190 402
-32 188 404
-9 199 361
20 186 334
20 186 334
38 190 322
51 175 295
56 150 264
52 130 242