
18 76 636
9 63 641
4 42 644
-5 51 635
-2 60 640
3 43 633
3 43 633
4 56 638
-1 77 631
6 74 642
8 60 628
-2 92 618
-2 92 618
1 105 627
14 156 604
3 211 533
-4 234 478
-4 234 478
7 241 457
14 230 458
9 247 419
-7 231 373
1 215 337
1 215 337
1 223 339
-7 211 325
-7 203 337
-1 209 327
12 208 320
12 208 320
16 208 318
11 211 315
13 207 313
13 203 317
17 173 273
24 132 234
24 132 234
14 110 220
2 70 202
6 30 204
10 -14 206
11 -55 223
11 -55 223
3 -59 221
4 -56 220
5 -49 231
4 -48 226
15 -47 221
3 -81 245
3 -81 245
15 -93 247
16 -92 248
27 -111 253
34 -130 272
34 -130 272
28 -148 298
37 -173 341
34 -184 390
20 -184 460
19 -153 519
19 -153 519
4 -134 546
5 -111 593
5 -75 599
7 -57 621
3 -63 603
3 -63 603
3 -109 581
-9 -133 555
-3 -149 533
11 -167 499
-4 -166 488
-4 -166 488
1 -163 485
3 -179 459
10 -178 436
10 -170 384
10 -170 384
9 -161 357
12 -142 316
8 -140 304
5 -127 283
5 -119 277
5 -119 277
1 -129 287
8 -128 296
0 -112 268
3 -101 263
2 -84 242
2 -84 242
14 -34 216
19 -5 205
19 -7 205
15 -1 203
15 -1 203
3 57 207
11 81 209
7 111 229
18 144 246
10 174 274
10 174 274
27 197 295
22 222 342
19 237 381
11 241 423
17 225 515
17 225 515
-1 199 547
-10 162 584
-13 109 625
1 55 637
1 55 637
-2 50 636
-12 58 628
-63 67 595
-96 72 554
-120 78 506
-120 78 506
-138 86 438
-138 94 408
-130 84 382
-124 86 332
-102 68 300
-102 68 300
-83 73 275
-73 73 273
-59 69 253
-26 74 232
14 70 214
14 70 214
42 64 206
82 66 208
118 58 216
150 50 222
150 50 222
165 47 237
209 71 243
193 53 255
199 73 237
200 70 230
200 70 230
163 73 227
67 75 201
5 73 215
-47 71 243
-93 73 289
-93 73 289
-114 52 308
-127 59 345
-137 63 387
-137 69 437
-137 69 437
-121 87 485
-110 88 518
-82 88 564
-78 100 564
-56 102 588
-56 102 588
20 96 636
83 85 647
113 75 649
155 65 643
193 47 627
193 47 627
232 16 586
283 45 517
296 52 450
290 58 374
290 58 374
249 69 319
214 96 246
151 101 239
94 102 224
91 107 229
91 107 229
108 114 242
106 106 236
123 85 237
169 99 233
213 93 255
213 93 255
247 77 283
262 68 296
252 58 300
278 58 310
276 38 346
276 38 346
279 27 353
278 26 376
292 28 402
296 14 430
296 14 430
300 10 446
294 6 450
294 0 452
300 2 452
300 14 410
300 14 410
294 34 388
287 63 357
270 92 342
272 120 334
258 128 354
258 128 354
244 156 408
245 153 451
232 154 482
235 147 513
225 133 541
225 133 541
223 131 533
217 139 551
208 162 540
182 200 490
182 200 490
153 219 445
104 224 400
28 222 380
-18 204 386
-76 170 412
-76 170 412
-123 99 495
-119 99 491
-127 97 483
-138 76 472
-146 36 442
-146 36 442
-138 -4 406
-128 -44 382
-121 -49 367
-131 -33 375
-138 8 414
-146 42 474
-146 42 474
-123 75 513
-93 117 527
-68 174 494
-40 222 424
-40 222 424
2 198 316
42 180 272
40 182 264
-8 192 312
-78 176 384
-78 176 384
-104 138 458
-63 127 573
-7 179 565
111 213 545
193 189 511
193 189 511
233 171 431
218 160 328
186 160 276
106 174 260
106 174 260
0 174 298
-50 198 380
-36 208 446
6 224 484
29 235 487
29 235 487
-3 231 473
-19 221 521
-31 123 595
-8 92 630
18 20 644
18 20 644
69 -25 647
89 -71 629
114 -114 600
132 -162 546
132 -162 546
130 -172 478
133 -159 525
81 -13 647
0 146 600
-8 204 522
-8 204 522
6 206 524
53 195 557
98 150 608
126 114 636
161 89 629
161 89 629
214 78 612
261 59 575
284 90 498
286 128 394
235 169 327
235 169 327
156 216 306
56 136 232
6 136 248
-48 146 292
-48 146 292
-87 143 361
-131 97 457
-118 48 526
-53 9 595
-6 2 630
-6 2 630
38 -6 636
82 -40 634
99 -95 617
118 -60 622
133 -91 601
133 -91 601
141 -105 587
136 -112 580
196 -108 554
262 -76 502
293 -13 401
293 -13 401
252 46 282
121 55 207
-5 35 213
-97 25 293
-97 25 293
-132 -4 378
-129 5 489
-67 23 591
25 19 643
129 45 645
129 45 645
200 76 616
265 55 551
293 31 439
274 -28 340
201 -67 283
201 -67 283
139 -81 233
66 -74 240
29 -97 249
27 -127 287
27 -127 287
24 -144 296
7 -145 307
11 -153 325
-2 -158 364
-42 -136 368
-91 -89 391
-118 -26 422
-118 -26 422
-121 11 485
-88 58 534
-21 143 565
60 184 574
60 184 574
140 186 574
177 175 547
178 206 518
169 219 453
151 227 391
151 227 391
76 226 344
41 215 335
111 221 349
247 167 429
273 67 533
273 67 533
191 -9 611
74 30 642
-75 119 547
-111 127 405
-111 127 405
-63 129 301
-18 94 242
48 -2 210
110 18 214
159 11 231
159 11 231
186 -14 244
191 13 243
166 -4 230
187 -47 245
182 -60 244
182 -60 244
171 -55 239
118 -48 220
12 -26 208
-103 27 291
-103 27 291
-126 124 422
-88 160 524
-67 115 597
92 60 658
180 34 636
180 34 636
262 36 564
284 40 526
262 18 572
8 138 610
-142 34 486
-142 34 486
-124 30 332
-54 20 246
44 -22 208
106 -62 208
183 -79 247
183 -79 247
226 -14 248
243 15 259
225 21 271
242 48 254
242 48 254
245 53 249
230 18 244
250 10 302
266 16 318
276 36 344
276 36 344
290 66 332
275 69 303
257 73 281
230 34 272
261 5 307
261 5 307
269 -29 323
274 -98 410
254 62 570
64 204 570
64 204 570
17 217 503
36 236 494
30 234 480
45 249 401
80 202 260
80 202 260
85 147 227
142 156 228
246 96 260
286 52 332
298 26 424
298 26 424
294 20 498
254 54 560
271 63 563
292 82 486
292 82 486
269 143 387
181 185 299
60 178 266
-64 140 312
-141 53 427
-141 53 427
-103 -51 485
-42 -126 510
23 -161 491
66 -172 484
61 -177 473
-19 -145 489
-19 -145 489
-73 -73 521
-90 82 544
-41 201 461
13 213 347
110 194 276
110 194 276
136 110 206
125 77 211
165 -73 235
190 -124 294
206 -136 334
206 -136 334
220 -122 332
243 -99 361
266 -72 394
285 -21 437
285 -21 437
297 9 445
287 3 483
286 -20 494
227 -47 585
160 -70 602
160 -70 602
62 -90 602
-3 -65 585
-5 -57 599
56 -88 612
154 -120 560
154 -120 560
214 -120 502
248 -114 406
246 -68 312
210 -72 264
210 -72 264
165 -83 237
164 -84 242
213 -61 259
282 -34 348
298 18 406
298 18 406
272 88 476
227 165 515
161 195 525
140 198 546
179 165 549
179 165 549
271 75 535
279 -41 505
223 -127 483
146 -166 498
28 -162 494
28 -162 494
-53 -123 475
-44 -146 454
-2 -156 442
30 -152 446
89 -125 541
89 -125 541
144 -24 600
183 51 597
217 131 551
261 151 421
261 151 421
229 119 269
154 34 216
101 -49 223
73 -123 273
62 -160 358
62 -160 358
102 -156 456
142 -96 552
147 -57 581
101 -91 557
65 -113 511
65 -113 511
10 -134 526
3 -137 545
77 -171 513
130 -178 416
130 -178 416
173 -125 295
199 7 233
185 161 263
208 194 426
206 82 594
206 82 594
148 -2 626
67 -71 605
39 -149 489
9 -157 429
30 -162 424
30 -162 424
141 -171 437
219 -121 395
246 -94 362
255 -93 349
255 -93 349
223 -93 309
191 -85 269
147 -93 241
73 -93 229
-18 34 206
-18 34 206
-122 110 390
-112 156 456
-134 116 444
-146 80 430
-120 122 376
-120 122 376
-65 147 293
22 118 224
104 16 194
151 -93 233
151 -93 233
217 -99 295
268 -90 360
284 -42 456
261 -15 541
160 34 626
160 34 626
83 75 645
105 117 619
220 138 532
289 85 439
283 19 353
283 19 353
248 -16 270
175 -73 231
102 -112 232
-7 -143 289
-112 44 294
-112 44 294
-132 98 424
-137 -9 451
-82 -120 472
-29 -117 547
-29 -117 547
25 -81 601
68 -70 622
101 -39 629
85 -39 637
-5 -97 575
-5 -97 575
-112 -84 440
-146 4 418
-146 56 444
-138 72 446
-104 88 546
-104 88 546
-36 14 620
56 -66 632
145 -93 589
253 -65 517
253 -65 517
262 16 550
257 87 553
222 82 588
187 101 609
170 88 624
170 88 624
124 76 636
25 103 625
-89 93 541
-110 84 518
-120 36 504
-120 36 504
-121 -17 495
-108 -56 486
-92 -114 456
-49 -143 437
-31 -151 421
-31 -151 421
-58 -134 430
-109 -77 459
-133 17 473
-90 140 498
-90 140 498
-8 148 592
69 101 633
147 23 639
180 -16 624
212 -76 570
212 -76 570
254 -64 508
289 -15 491
292 22 512
279 45 527
269 69 547
269 69 547
219 51 589
172 26 618
142 -6 634
79 -39 635
79 -39 635
9 -67 613
-50 -42 590
-99 -9 549
-133 51 495
-113 115 471
-113 115 471
-76 114 548
-73 85 569
-37 -15 609
-6 -102 590
65 -169 519
65 -169 519
120 -176 446
141 -179 439
131 -165 509
120 -46 630
-14 28 626
-104 68 522
-104 68 522
-141 59 405
-125 49 325
-138 56 362
-149 23 465
-149 23 465
-130 22 526
-111 9 555
-81 -1 593
-17 -29 623
73 -61 631
126 -100 596
126 -100 596
168 -142 532
151 -159 505
120 -112 582
87 -31 637
61 49 643
61 49 643
-49 99 603
-127 69 481
-135 -13 493
-59 -41 583
22 -44 616
22 -44 616
73 -27 641
96 -28 638
129 -49 631
157 -105 573
166 -152 506
166 -152 506
151 -163 497
155 -155 503
201 -139 491
220 -78 568
220 -78 568
158 -34 624
92 -6 640
30 22 636
-21 139 583
37 235 467
37 235 467
150 234 342
255 161 331
275 77 331
275 19 327
255 -23 295
255 -23 295
225 -37 281
270 -44 330
296 14 432
280 20 512
280 20 512
262 -2 562
177 -57 613
78 -52 634
-6 -84 582
-51 -117 519
-51 -117 519
-80 -98 448
-83 -103 423
-90 -90 428
-111 -73 421
-113 -53 401
-113 -53 401
-138 10 446
-142 50 432
-118 -28 346
-11 -11 219
78 20 202
78 20 202
132 -60 228
186 -142 328
223 -127 417
248 -94 380
247 -105 371
247 -105 371
207 -123 511
102 -70 620
-13 27 633
-108 122 510
-108 122 510
-107 139 369
-83 95 287
-63 -9 257
26 -116 306
142 -126 346
142 -126 346
202 -100 360
217 -115 409
180 -138 510
60 -116 584
-62 -64 562
-62 -64 562
-118 80 520
-119 135 463
-122 122 444
-110 120 352
-110 120 352
-64 32 258
19 -25 235
76 -80 304
121 -111 325
131 -103 289
131 -103 289
85 -129 279
-14 -150 388
-73 -119 465
-42 -138 382
97 -131 297
97 -131 297
200 -72 266
254 0 326
274 20 340
276 56 314
276 56 314
173 -25 243
33 -141 301
-80 -112 454
-63 49 587
19 181 561
19 181 561
90 224 486
95 233 413
157 215 425
203 201 445
180 206 398
180 206 398
53 205 341
39 219 441
44 194 544
-6 32 626
-67 -105 503
-67 -105 503
-9 -147 331
173 -155 329
210 -140 418
233 -113 455
233 -113 455
223 -115 335
53 -149 319
-64 -126 418
-108 -12 520
-76 86 554
-76 86 554
-65 113 581
-84 88 560
-123 55 531
-129 -41 517
-22 -154 504
-22 -154 504
173 -163 523
203 -147 471
229 -135 435
258 -114 402
258 -114 402
263 -95 383
261 -97 363
272 -66 356
262 46 290
139 127 233
139 127 233
-24 112 254
-78 40 262
-69 -61 289
-67 -107 359
-50 -134 384
-50 -134 384
3 -165 407
32 -168 394
22 -164 392
-39 -131 377
-39 -131 377
-114 -58 390
-131 59 377
-63 107 281
20 54 198
114 28 214
114 28 214
133 -11 215
121 -63 229
95 -163 353
110 -162 348
190 -142 458
190 -142 458
256 -72 436
287 13 389
264 68 294
215 93 243
261 65 285
261 65 285
285 -1 427
186 -138 476
-1 -157 457
-130 -46 464
-130 -46 464
-100 54 572
71 115 627
133 85 647
-41 45 613
-144 20 408
-144 20 408
-78 -30 282
49 -127 277
211 -119 355
268 -52 396
269 -55 397
269 -55 397
207 -127 405
111 -165 471
-2 -148 474
43 -159 513
43 -159 513
209 -121 489
265 -47 381
246 106 286
170 210 492
103 145 617
103 145 617
15 115 619
-130 28 490
-120 0 350
-88 -12 294
-72 -66 302
-72 -66 302
-27 -129 339
31 -153 325
89 -179 345
131 -167 371
214 -128 368
214 -128 368
235 -105 373
245 -99 381
245 -105 445
117 9 635
-66 126 548
-91 159 417
-91 159 417
-68 178 390
-106 150 450
-145 21 477
-50 -122 536
-50 -122 536
165 -163 421
246 -106 354
260 -66 312
238 -16 270
223 25 269
223 25 269
272 -102 386
101 -133 563
-145 5 453
-118 142 440
-29 217 459
-29 217 459
-1 169 575
17 85 637
82 58 650
161 67 625
161 67 625
193 157 561
184 180 540
208 164 526
215 151 565
144 168 588
144 168 588
108 168 588
48 234 492
-25 173 285
12 -108 274
106 -162 310
106 -162 310
159 -177 427
108 -158 528
83 -159 535
173 -163 443
173 -163 443
258 -58 318
260 130 338
149 227 401
32 240 390
-72 170 378
-72 170 378
-133 45 405
-124 -30 486
-103 -33 549
-79 -35 569
-110 -54 490
-110 -54 490
-120 -64 386
-119 -43 391
-104 -82 512
-11 -105 577
-11 -105 577
71 -115 595
159 -105 571
236 -100 482
255 -77 365
252 -58 324
252 -58 324
284 -34 430
277 59 519
190 102 592
125 37 649
48 -28 644
48 -28 644
-45 -21 609
-126 66 494
-99 151 423
-9 219 393
130 234 392
212 190 344
212 190 344
235 81 273
214 -22 252
252 -2 290
286 70 408
286 70 408
243 145 519
150 216 488
75 179 593
14 160 588
-8 72 622
-8 72 622
39 49 643
109 39 657
165 19 639
184 -4 626
203 -27 607
203 -27 607
225 -87 543
174 -148 496
102 -178 500
40 -156 514
-7 -127 539
-7 -127 539
-48 -80 560
-80 -42 554
-101 -61 523
-72 -104 524
-72 -104 524
-4 -130 544
82 -156 538
183 -133 493
223 -117 435
230 -122 394
230 -122 394
235 -119 439
255 -95 413
232 -122 374
178 -150 362
125 -165 373
125 -165 373
81 -185 427
16 -146 532
-25 -35 599
-42 156 572
-42 156 572
-42 212 436
-32 216 410
-32 220 430
-16 174 554
-9 169 563
-9 169 563
-32 198 514
-55 201 447
-109 141 397
-139 81 385
-140 68 398
-140 68 398
-140 38 422
-142 20 426
-144 14 430
-140 10 430
-140 10 430
-141 17 427
-135 29 449
-139 29 437
-172 20 354
-162 22 356
-162 22 356
-152 72 390
-112 134 430
-59 187 437
15 217 451
100 212 448
100 212 448
148 192 460
121 203 495
142 178 506
147 115 567
154 58 578
154 58 578
176 12 570
213 -1 545
216 -68 514
174 -142 458
174 -142 458
90 -180 366
-12 -160 330
-87 -109 363
-127 -23 427
-145 69 395
-145 69 395
-112 118 328
-112 102 278
-115 81 281
-126 84 306
-117 113 305
-117 113 305
-83 147 309
-52 204 370
56 214 476
153 167 521
153 167 521
245 71 489
262 -60 426
176 -150 358
66 -184 366
-47 -143 395
-47 -143 395
-114 -52 446
-139 41 397
-132 60 324
-125 65 331
-140 60 424
-140 60 424
-83 39 545
37 61 597
149 53 589
234 66 516
243 147 403
243 147 403
161 223 367
9 229 411
-91 139 455
-138 60 424
-138 60 424
-143 -13 349
-78 -36 238
-26 2 180
55 111 191
150 126 186
150 126 186
116 164 202
-8 220 374
-114 130 442
-130 52 426
-131 -31 449
-131 -31 449
-57 -137 401
17 -179 363
109 -165 297
163 -123 237
163 -123 237
250 -100 374
250 -100 374
204 -110 474
73 -151 491
-51 -141 431
-112 -64 338
-112 -64 338
-137 39 327
-84 162 344
0 224 366
78 236 360
119 237 337
119 237 337
69 233 389
15 221 471
-19 109 573
2 -4 594
54 -68 588
54 -68 588
112 -170 440
206 -118 312
245 -17 265
214 120 226
82 128 196
82 128 196
-16 62 184
-81 -3 227
-141 -23 317
-143 15 319
-122 -42 296
-122 -42 296
-70 -140 368
15 -155 495
122 -98 556
229 -85 495
229 -85 495
271 -79 365
211 -99 243
79 -73 185
-40 -138 274
-76 -114 298
-76 -114 298
-65 -95 271
-29 -105 243
22 -96 210
58 -98 188
58 -160 284
58 -160 284
3 -169 325
-37 -155 405
-71 -119 485
-78 -82 492
-78 -82 492
-84 -88 494
-71 -101 493
-70 -126 446
-84 -114 418
-105 -45 485
-105 -45 485
-105 29 509
-64 142 508
22 236 442
99 239 347
147 233 331
147 233 331
176 232 368
196 204 410
217 179 427
231 129 509
218 124 530
218 124 530
134 84 598
0 36 602
-88 10 536
-138 -22 444
-138 -22 444
-149 21 341
-85 111 271
36 174 236
109 227 327